	Class	Age	Sex	Survived	predicted_survived	Predicted_label_1	Predicted_label_-1
0	0.0	0.0	0.0	1.0	1	0.9202799902470741	0.0797200097529259
1	1.0	0.0	1.0	-1.0	-1	0.13436218294801267	0.8656378170519874
2	0.0	1.0	1.0	1.0	1	0.6132419112920505	0.38675808870794953
3	1.0	0.0	1.0	-1.0	-1	0.13436218294801267	0.8656378170519874
4	1.0	0.0	0.0	-1.0	1	0.6906976744186046	0.3093023255813953
5	0.0	0.0	0.0	1.0	1	0.9202799902470741	0.0797200097529259
6	1.0	0.0	1.0	-1.0	-1	0.13436218294801267	0.8656378170519874
7	0.0	0.0	0.0	1.0	1	0.9202799902470741	0.0797200097529259
8	1.0	0.0	1.0	-1.0	-1	0.13436218294801267	0.8656378170519874
9	1.0	0.0	1.0	-1.0	-1	0.13436218294801267	0.8656378170519874
10	1.0	0.0	1.0	-1.0	-1	0.13436218294801267	0.8656378170519874
11	0.0	0.0	0.0	1.0	1	0.9202799902470741	0.0797200097529259
12	0.0	0.0	0.0	-1.0	1	0.9202799902470741	0.0797200097529259
13	1.0	0.0	1.0	-1.0	-1	0.13436218294801267	0.8656378170519874
14	1.0	0.0	1.0	-1.0	-1	0.13436218294801267	0.8656378170519874
15	1.0	0.0	1.0	1.0	-1	0.13436218294801267	0.8656378170519874
16	1.0	0.0	1.0	-1.0	-1	0.13436218294801267	0.8656378170519874
17	1.0	0.0	1.0	-1.0	-1	0.13436218294801267	0.8656378170519874
18	0.0	0.0	1.0	1.0	-1	0.44518291217104794	0.554817087828952
19	1.0	0.0	1.0	-1.0	-1	0.13436218294801267	0.8656378170519874
20	1.0	0.0	1.0	-1.0	-1	0.13436218294801267	0.8656378170519874
21	1.0	0.0	1.0	-1.0	-1	0.13436218294801267	0.8656378170519874
22	1.0	0.0	1.0	-1.0	-1	0.13436218294801267	0.8656378170519874
23	1.0	0.0	1.0	-1.0	-1	0.13436218294801267	0.8656378170519874
24	1.0	0.0	1.0	-1.0	-1	0.13436218294801267	0.8656378170519874
25	1.0	0.0	1.0	1.0	-1	0.13436218294801267	0.8656378170519874
26	1.0	0.0	1.0	-1.0	-1	0.13436218294801267	0.8656378170519874
27	1.0	0.0	1.0	-1.0	-1	0.13436218294801267	0.8656378170519874
28	1.0	0.0	0.0	-1.0	1	0.6906976744186046	0.3093023255813953
29	1.0	0.0	1.0	-1.0	-1	0.13436218294801267	0.8656378170519874
30	1.0	0.0	1.0	-1.0	-1	0.13436218294801267	0.8656378170519874
31	0.0	0.0	0.0	1.0	1	0.9202799902470741	0.0797200097529259
32	0.0	0.0	1.0	-1.0	-1	0.44518291217104794	0.554817087828952
33	1.0	0.0	1.0	-1.0	-1	0.13436218294801267	0.8656378170519874
34	1.0	0.0	1.0	-1.0	-1	0.13436218294801267	0.8656378170519874
35	0.0	0.0	0.0	1.0	1	0.9202799902470741	0.0797200097529259
36	1.0	0.0	1.0	-1.0	-1	0.13436218294801267	0.8656378170519874
37	0.0	0.0	1.0	-1.0	-1	0.44518291217104794	0.554817087828952
38	1.0	0.0	1.0	-1.0	-1	0.13436218294801267	0.8656378170519874
39	1.0	0.0	0.0	1.0	1	0.6906976744186046	0.3093023255813953
40	1.0	1.0	0.0	1.0	1	0.8152507676560901	0.1847492323439099
41	1.0	0.0	0.0	-1.0	1	0.6906976744186046	0.3093023255813953
42	1.0	0.0	1.0	1.0	-1	0.13436218294801267	0.8656378170519874
43	0.0	0.0	1.0	-1.0	-1	0.44518291217104794	0.554817087828952
44	0.0	0.0	0.0	1.0	1	0.9202799902470741	0.0797200097529259
45	0.0	0.0	1.0	-1.0	-1	0.44518291217104794	0.554817087828952
46	0.0	0.0	0.0	1.0	1	0.9202799902470741	0.0797200097529259
47	0.0	0.0	1.0	1.0	-1	0.44518291217104794	0.554817087828952
48	1.0	0.0	1.0	-1.0	-1	0.13436218294801267	0.8656378170519874
49	1.0	0.0	1.0	-1.0	-1	0.13436218294801267	0.8656378170519874
50	0.0	0.0	1.0	-1.0	-1	0.44518291217104794	0.554817087828952
51	0.0	0.0	1.0	-1.0	-1	0.44518291217104794	0.554817087828952
52	1.0	0.0	1.0	1.0	-1	0.13436218294801267	0.8656378170519874
53	1.0	0.0	0.0	-1.0	1	0.6906976744186046	0.3093023255813953
54	1.0	0.0	0.0	1.0	1	0.6906976744186046	0.3093023255813953
55	1.0	0.0	1.0	-1.0	-1	0.13436218294801267	0.8656378170519874
56	1.0	0.0	1.0	-1.0	-1	0.13436218294801267	0.8656378170519874
57	0.0	0.0	1.0	1.0	-1	0.44518291217104794	0.554817087828952
58	1.0	0.0	1.0	-1.0	-1	0.13436218294801267	0.8656378170519874
59	0.0	0.0	0.0	1.0	1	0.9202799902470741	0.0797200097529259
60	0.0	0.0	0.0	1.0	1	0.9202799902470741	0.0797200097529259
61	1.0	0.0	1.0	-1.0	-1	0.13436218294801267	0.8656378170519874
62	0.0	0.0	1.0	1.0	-1	0.44518291217104794	0.554817087828952
63	1.0	0.0	1.0	-1.0	-1	0.13436218294801267	0.8656378170519874
64	1.0	0.0	1.0	-1.0	-1	0.13436218294801267	0.8656378170519874
65	1.0	0.0	1.0	-1.0	-1	0.13436218294801267	0.8656378170519874
66	1.0	1.0	1.0	-1.0	-1	0.23472614726786706	0.765273852732133
67	0.0	0.0	0.0	1.0	1	0.9202799902470741	0.0797200097529259
68	1.0	0.0	1.0	-1.0	-1	0.13436218294801267	0.8656378170519874
69	1.0	0.0	1.0	-1.0	-1	0.13436218294801267	0.8656378170519874
70	1.0	0.0	1.0	-1.0	-1	0.13436218294801267	0.8656378170519874
71	1.0	0.0	1.0	1.0	-1	0.13436218294801267	0.8656378170519874
72	0.0	0.0	0.0	1.0	1	0.9202799902470741	0.0797200097529259
73	1.0	0.0	0.0	1.0	1	0.6906976744186046	0.3093023255813953
74	1.0	0.0	0.0	-1.0	1	0.6906976744186046	0.3093023255813953
75	1.0	0.0	1.0	-1.0	-1	0.13436218294801267	0.8656378170519874
76	1.0	0.0	1.0	-1.0	-1	0.13436218294801267	0.8656378170519874
77	1.0	0.0	1.0	-1.0	-1	0.13436218294801267	0.8656378170519874
78	1.0	0.0	1.0	1.0	-1	0.13436218294801267	0.8656378170519874
79	1.0	0.0	1.0	1.0	-1	0.13436218294801267	0.8656378170519874
80	0.0	0.0	0.0	1.0	1	0.9202799902470741	0.0797200097529259
81	0.0	0.0	1.0	-1.0	-1	0.44518291217104794	0.554817087828952
82	0.0	0.0	0.0	1.0	1	0.9202799902470741	0.0797200097529259
83	0.0	0.0	0.0	1.0	1	0.9202799902470741	0.0797200097529259
84	1.0	0.0	1.0	-1.0	-1	0.13436218294801267	0.8656378170519874
85	0.0	0.0	1.0	-1.0	-1	0.44518291217104794	0.554817087828952
86	1.0	0.0	1.0	-1.0	-1	0.13436218294801267	0.8656378170519874
87	1.0	0.0	0.0	1.0	1	0.6906976744186046	0.3093023255813953
88	0.0	0.0	1.0	-1.0	-1	0.44518291217104794	0.554817087828952
89	0.0	1.0	1.0	1.0	1	0.6132419112920505	0.38675808870794953
90	0.0	0.0	1.0	-1.0	-1	0.44518291217104794	0.554817087828952
91	0.0	0.0	1.0	-1.0	-1	0.44518291217104794	0.554817087828952
92	1.0	0.0	0.0	1.0	1	0.6906976744186046	0.3093023255813953
93	0.0	0.0	1.0	-1.0	-1	0.44518291217104794	0.554817087828952
94	1.0	0.0	1.0	-1.0	-1	0.13436218294801267	0.8656378170519874
95	1.0	0.0	1.0	-1.0	-1	0.13436218294801267	0.8656378170519874
96	0.0	1.0	0.0	1.0	1	0.9580037226617031	0.04199627733829688
97	1.0	1.0	1.0	1.0	-1	0.23472614726786706	0.765273852732133
98	0.0	0.0	1.0	-1.0	-1	0.44518291217104794	0.554817087828952
99	1.0	1.0	1.0	-1.0	-1	0.23472614726786706	0.765273852732133
100	1.0	0.0	1.0	-1.0	-1	0.13436218294801267	0.8656378170519874
101	0.0	0.0	0.0	1.0	1	0.9202799902470741	0.0797200097529259
102	1.0	0.0	0.0	-1.0	1	0.6906976744186046	0.3093023255813953
103	1.0	0.0	1.0	-1.0	-1	0.13436218294801267	0.8656378170519874
104	1.0	0.0	0.0	1.0	1	0.6906976744186046	0.3093023255813953
105	1.0	0.0	1.0	-1.0	-1	0.13436218294801267	0.8656378170519874
106	1.0	0.0	1.0	-1.0	-1	0.13436218294801267	0.8656378170519874
107	1.0	0.0	1.0	-1.0	-1	0.13436218294801267	0.8656378170519874
108	1.0	0.0	1.0	1.0	-1	0.13436218294801267	0.8656378170519874
109	0.0	0.0	0.0	1.0	1	0.9202799902470741	0.0797200097529259
110	1.0	0.0	1.0	-1.0	-1	0.13436218294801267	0.8656378170519874
111	1.0	0.0	1.0	-1.0	-1	0.13436218294801267	0.8656378170519874
112	1.0	0.0	1.0	1.0	-1	0.13436218294801267	0.8656378170519874
113	1.0	0.0	0.0	-1.0	1	0.6906976744186046	0.3093023255813953
114	1.0	0.0	1.0	-1.0	-1	0.13436218294801267	0.8656378170519874
115	1.0	0.0	1.0	-1.0	-1	0.13436218294801267	0.8656378170519874
116	0.0	0.0	1.0	1.0	-1	0.44518291217104794	0.554817087828952
117	1.0	0.0	1.0	-1.0	-1	0.13436218294801267	0.8656378170519874
118	1.0	0.0	1.0	1.0	-1	0.13436218294801267	0.8656378170519874
119	0.0	0.0	0.0	1.0	1	0.9202799902470741	0.0797200097529259
120	1.0	0.0	1.0	-1.0	-1	0.13436218294801267	0.8656378170519874
121	0.0	0.0	0.0	1.0	1	0.9202799902470741	0.0797200097529259
122	1.0	0.0	0.0	1.0	1	0.6906976744186046	0.3093023255813953
123	1.0	0.0	1.0	-1.0	-1	0.13436218294801267	0.8656378170519874
124	1.0	0.0	1.0	-1.0	-1	0.13436218294801267	0.8656378170519874
125	1.0	0.0	1.0	-1.0	-1	0.13436218294801267	0.8656378170519874
126	1.0	0.0	1.0	-1.0	-1	0.13436218294801267	0.8656378170519874
127	0.0	0.0	1.0	-1.0	-1	0.44518291217104794	0.554817087828952
128	0.0	0.0	1.0	1.0	-1	0.44518291217104794	0.554817087828952
129	0.0	0.0	0.0	1.0	1	0.9202799902470741	0.0797200097529259
130	1.0	0.0	1.0	-1.0	-1	0.13436218294801267	0.8656378170519874
131	0.0	0.0	1.0	-1.0	-1	0.44518291217104794	0.554817087828952
132	0.0	0.0	1.0	-1.0	-1	0.44518291217104794	0.554817087828952
133	1.0	0.0	1.0	-1.0	-1	0.13436218294801267	0.8656378170519874
134	1.0	0.0	1.0	1.0	-1	0.13436218294801267	0.8656378170519874
135	1.0	0.0	1.0	-1.0	-1	0.13436218294801267	0.8656378170519874
136	1.0	0.0	1.0	-1.0	-1	0.13436218294801267	0.8656378170519874
137	1.0	0.0	1.0	-1.0	-1	0.13436218294801267	0.8656378170519874
138	1.0	0.0	1.0	1.0	-1	0.13436218294801267	0.8656378170519874
139	0.0	0.0	1.0	-1.0	-1	0.44518291217104794	0.554817087828952
140	0.0	0.0	0.0	1.0	1	0.9202799902470741	0.0797200097529259
141	1.0	0.0	1.0	-1.0	-1	0.13436218294801267	0.8656378170519874
142	0.0	0.0	1.0	-1.0	-1	0.44518291217104794	0.554817087828952
143	0.0	0.0	0.0	1.0	1	0.9202799902470741	0.0797200097529259
144	1.0	0.0	1.0	-1.0	-1	0.13436218294801267	0.8656378170519874
145	0.0	0.0	0.0	1.0	1	0.9202799902470741	0.0797200097529259
146	1.0	0.0	1.0	-1.0	-1	0.13436218294801267	0.8656378170519874
147	1.0	0.0	1.0	-1.0	-1	0.13436218294801267	0.8656378170519874
148	1.0	0.0	1.0	-1.0	-1	0.13436218294801267	0.8656378170519874
149	0.0	0.0	1.0	-1.0	-1	0.44518291217104794	0.554817087828952
150	0.0	0.0	1.0	-1.0	-1	0.44518291217104794	0.554817087828952
151	0.0	0.0	1.0	-1.0	-1	0.44518291217104794	0.554817087828952
152	1.0	1.0	0.0	-1.0	1	0.8152507676560901	0.1847492323439099
153	0.0	0.0	0.0	1.0	1	0.9202799902470741	0.0797200097529259
154	1.0	0.0	1.0	1.0	-1	0.13436218294801267	0.8656378170519874
155	0.0	0.0	1.0	-1.0	-1	0.44518291217104794	0.554817087828952
156	1.0	0.0	1.0	1.0	-1	0.13436218294801267	0.8656378170519874
157	1.0	0.0	1.0	-1.0	-1	0.13436218294801267	0.8656378170519874
158	0.0	0.0	1.0	-1.0	-1	0.44518291217104794	0.554817087828952
159	1.0	0.0	1.0	-1.0	-1	0.13436218294801267	0.8656378170519874
160	1.0	0.0	1.0	-1.0	-1	0.13436218294801267	0.8656378170519874
161	1.0	0.0	1.0	-1.0	-1	0.13436218294801267	0.8656378170519874
162	1.0	0.0	1.0	-1.0	-1	0.13436218294801267	0.8656378170519874
163	0.0	0.0	1.0	1.0	-1	0.44518291217104794	0.554817087828952
164	1.0	0.0	0.0	1.0	1	0.6906976744186046	0.3093023255813953
165	1.0	0.0	1.0	-1.0	-1	0.13436218294801267	0.8656378170519874
166	1.0	0.0	1.0	-1.0	-1	0.13436218294801267	0.8656378170519874
167	0.0	0.0	1.0	1.0	-1	0.44518291217104794	0.554817087828952
168	0.0	0.0	0.0	1.0	1	0.9202799902470741	0.0797200097529259
169	1.0	0.0	1.0	1.0	-1	0.13436218294801267	0.8656378170519874
170	1.0	0.0	1.0	-1.0	-1	0.13436218294801267	0.8656378170519874
171	0.0	1.0	1.0	1.0	1	0.6132419112920505	0.38675808870794953
172	1.0	0.0	1.0	-1.0	-1	0.13436218294801267	0.8656378170519874
173	1.0	0.0	1.0	-1.0	-1	0.13436218294801267	0.8656378170519874
174	0.0	0.0	0.0	1.0	1	0.9202799902470741	0.0797200097529259
175	1.0	0.0	1.0	1.0	-1	0.13436218294801267	0.8656378170519874
176	1.0	0.0	1.0	-1.0	-1	0.13436218294801267	0.8656378170519874
177	1.0	0.0	1.0	1.0	-1	0.13436218294801267	0.8656378170519874
178	1.0	0.0	1.0	-1.0	-1	0.13436218294801267	0.8656378170519874
179	0.0	0.0	0.0	1.0	1	0.9202799902470741	0.0797200097529259
180	0.0	0.0	1.0	1.0	-1	0.44518291217104794	0.554817087828952
181	0.0	0.0	0.0	1.0	1	0.9202799902470741	0.0797200097529259
182	1.0	0.0	1.0	-1.0	-1	0.13436218294801267	0.8656378170519874
183	1.0	0.0	1.0	1.0	-1	0.13436218294801267	0.8656378170519874
184	1.0	0.0	1.0	1.0	-1	0.13436218294801267	0.8656378170519874
185	1.0	0.0	1.0	1.0	-1	0.13436218294801267	0.8656378170519874
186	1.0	0.0	1.0	-1.0	-1	0.13436218294801267	0.8656378170519874
187	1.0	0.0	1.0	1.0	-1	0.13436218294801267	0.8656378170519874
188	1.0	0.0	1.0	-1.0	-1	0.13436218294801267	0.8656378170519874
189	1.0	0.0	1.0	-1.0	-1	0.13436218294801267	0.8656378170519874
190	1.0	0.0	1.0	-1.0	-1	0.13436218294801267	0.8656378170519874
191	0.0	0.0	1.0	1.0	-1	0.44518291217104794	0.554817087828952
192	0.0	0.0	1.0	1.0	-1	0.44518291217104794	0.554817087828952
193	1.0	1.0	1.0	-1.0	-1	0.23472614726786706	0.765273852732133
194	1.0	0.0	1.0	1.0	-1	0.13436218294801267	0.8656378170519874
195	1.0	0.0	1.0	1.0	-1	0.13436218294801267	0.8656378170519874
196	1.0	0.0	1.0	-1.0	-1	0.13436218294801267	0.8656378170519874
197	1.0	0.0	1.0	1.0	-1	0.13436218294801267	0.8656378170519874
198	0.0	0.0	1.0	1.0	-1	0.44518291217104794	0.554817087828952
199	1.0	0.0	1.0	-1.0	-1	0.13436218294801267	0.8656378170519874
200	0.0	0.0	0.0	1.0	1	0.9202799902470741	0.0797200097529259
201	1.0	0.0	1.0	-1.0	-1	0.13436218294801267	0.8656378170519874
202	0.0	0.0	0.0	1.0	1	0.9202799902470741	0.0797200097529259
203	0.0	0.0	0.0	1.0	1	0.9202799902470741	0.0797200097529259
204	1.0	0.0	1.0	-1.0	-1	0.13436218294801267	0.8656378170519874
205	1.0	0.0	1.0	-1.0	-1	0.13436218294801267	0.8656378170519874
206	0.0	0.0	1.0	-1.0	-1	0.44518291217104794	0.554817087828952
207	1.0	0.0	1.0	-1.0	-1	0.13436218294801267	0.8656378170519874
208	0.0	0.0	0.0	1.0	1	0.9202799902470741	0.0797200097529259
209	1.0	0.0	1.0	-1.0	-1	0.13436218294801267	0.8656378170519874
210	0.0	0.0	1.0	-1.0	-1	0.44518291217104794	0.554817087828952
211	0.0	0.0	0.0	1.0	1	0.9202799902470741	0.0797200097529259
212	1.0	0.0	1.0	-1.0	-1	0.13436218294801267	0.8656378170519874
213	0.0	0.0	0.0	1.0	1	0.9202799902470741	0.0797200097529259
214	0.0	0.0	1.0	-1.0	-1	0.44518291217104794	0.554817087828952
215	1.0	1.0	1.0	-1.0	-1	0.23472614726786706	0.765273852732133
216	0.0	0.0	0.0	1.0	1	0.9202799902470741	0.0797200097529259
217	1.0	0.0	1.0	-1.0	-1	0.13436218294801267	0.8656378170519874
218	0.0	0.0	1.0	-1.0	-1	0.44518291217104794	0.554817087828952
219	1.0	0.0	1.0	-1.0	-1	0.13436218294801267	0.8656378170519874
220	0.0	0.0	1.0	-1.0	-1	0.44518291217104794	0.554817087828952
221	0.0	0.0	1.0	-1.0	-1	0.44518291217104794	0.554817087828952
222	1.0	0.0	1.0	1.0	-1	0.13436218294801267	0.8656378170519874
223	1.0	0.0	1.0	-1.0	-1	0.13436218294801267	0.8656378170519874
224	1.0	0.0	1.0	-1.0	-1	0.13436218294801267	0.8656378170519874
225	0.0	0.0	1.0	-1.0	-1	0.44518291217104794	0.554817087828952
226	1.0	0.0	0.0	-1.0	1	0.6906976744186046	0.3093023255813953
227	1.0	0.0	1.0	-1.0	-1	0.13436218294801267	0.8656378170519874
228	1.0	0.0	1.0	-1.0	-1	0.13436218294801267	0.8656378170519874
229	1.0	0.0	1.0	-1.0	-1	0.13436218294801267	0.8656378170519874
230	1.0	0.0	1.0	-1.0	-1	0.13436218294801267	0.8656378170519874
231	1.0	0.0	0.0	-1.0	1	0.6906976744186046	0.3093023255813953
232	0.0	0.0	0.0	1.0	1	0.9202799902470741	0.0797200097529259
233	1.0	0.0	1.0	-1.0	-1	0.13436218294801267	0.8656378170519874
234	1.0	0.0	1.0	-1.0	-1	0.13436218294801267	0.8656378170519874
235	1.0	0.0	1.0	-1.0	-1	0.13436218294801267	0.8656378170519874
236	0.0	0.0	0.0	1.0	1	0.9202799902470741	0.0797200097529259
237	1.0	0.0	1.0	-1.0	-1	0.13436218294801267	0.8656378170519874
238	0.0	0.0	0.0	1.0	1	0.9202799902470741	0.0797200097529259
239	1.0	0.0	1.0	-1.0	-1	0.13436218294801267	0.8656378170519874
240	0.0	0.0	0.0	1.0	1	0.9202799902470741	0.0797200097529259
241	1.0	0.0	1.0	-1.0	-1	0.13436218294801267	0.8656378170519874
242	0.0	0.0	1.0	-1.0	-1	0.44518291217104794	0.554817087828952
243	1.0	0.0	1.0	-1.0	-1	0.13436218294801267	0.8656378170519874
244	1.0	0.0	0.0	-1.0	1	0.6906976744186046	0.3093023255813953
245	1.0	0.0	1.0	1.0	-1	0.13436218294801267	0.8656378170519874
246	0.0	0.0	1.0	-1.0	-1	0.44518291217104794	0.554817087828952
247	1.0	0.0	1.0	-1.0	-1	0.13436218294801267	0.8656378170519874
248	1.0	0.0	1.0	1.0	-1	0.13436218294801267	0.8656378170519874
249	1.0	0.0	1.0	-1.0	-1	0.13436218294801267	0.8656378170519874
250	1.0	0.0	1.0	-1.0	-1	0.13436218294801267	0.8656378170519874
251	1.0	0.0	1.0	-1.0	-1	0.13436218294801267	0.8656378170519874
252	1.0	0.0	0.0	1.0	1	0.6906976744186046	0.3093023255813953
253	1.0	0.0	1.0	-1.0	-1	0.13436218294801267	0.8656378170519874
254	0.0	0.0	0.0	1.0	1	0.9202799902470741	0.0797200097529259
255	0.0	1.0	1.0	1.0	1	0.6132419112920505	0.38675808870794953
256	1.0	0.0	1.0	-1.0	-1	0.13436218294801267	0.8656378170519874
257	1.0	0.0	1.0	-1.0	-1	0.13436218294801267	0.8656378170519874
258	1.0	0.0	1.0	-1.0	-1	0.13436218294801267	0.8656378170519874
259	1.0	0.0	1.0	-1.0	-1	0.13436218294801267	0.8656378170519874
260	1.0	0.0	1.0	-1.0	-1	0.13436218294801267	0.8656378170519874
261	1.0	0.0	1.0	-1.0	-1	0.13436218294801267	0.8656378170519874
262	1.0	0.0	1.0	-1.0	-1	0.13436218294801267	0.8656378170519874
263	0.0	0.0	1.0	1.0	-1	0.44518291217104794	0.554817087828952
264	0.0	0.0	1.0	-1.0	-1	0.44518291217104794	0.554817087828952
265	1.0	0.0	0.0	1.0	1	0.6906976744186046	0.3093023255813953
266	0.0	0.0	1.0	-1.0	-1	0.44518291217104794	0.554817087828952
267	0.0	0.0	1.0	1.0	-1	0.44518291217104794	0.554817087828952
268	1.0	0.0	1.0	-1.0	-1	0.13436218294801267	0.8656378170519874
269	1.0	0.0	1.0	-1.0	-1	0.13436218294801267	0.8656378170519874
270	1.0	0.0	1.0	-1.0	-1	0.13436218294801267	0.8656378170519874
271	1.0	0.0	1.0	-1.0	-1	0.13436218294801267	0.8656378170519874
272	1.0	0.0	1.0	-1.0	-1	0.13436218294801267	0.8656378170519874
273	0.0	0.0	1.0	-1.0	-1	0.44518291217104794	0.554817087828952
274	0.0	0.0	0.0	1.0	1	0.9202799902470741	0.0797200097529259
275	1.0	0.0	1.0	-1.0	-1	0.13436218294801267	0.8656378170519874
276	0.0	0.0	1.0	-1.0	-1	0.44518291217104794	0.554817087828952
277	1.0	0.0	1.0	-1.0	-1	0.13436218294801267	0.8656378170519874
278	1.0	0.0	1.0	-1.0	-1	0.13436218294801267	0.8656378170519874
279	1.0	0.0	1.0	1.0	-1	0.13436218294801267	0.8656378170519874
280	1.0	0.0	1.0	-1.0	-1	0.13436218294801267	0.8656378170519874
281	1.0	0.0	1.0	-1.0	-1	0.13436218294801267	0.8656378170519874
282	1.0	0.0	1.0	-1.0	-1	0.13436218294801267	0.8656378170519874
283	1.0	0.0	1.0	-1.0	-1	0.13436218294801267	0.8656378170519874
284	0.0	0.0	0.0	1.0	1	0.9202799902470741	0.0797200097529259
285	0.0	0.0	1.0	-1.0	-1	0.44518291217104794	0.554817087828952
286	1.0	0.0	1.0	1.0	-1	0.13436218294801267	0.8656378170519874
287	1.0	0.0	1.0	1.0	-1	0.13436218294801267	0.8656378170519874
288	0.0	0.0	0.0	1.0	1	0.9202799902470741	0.0797200097529259
289	1.0	0.0	1.0	-1.0	-1	0.13436218294801267	0.8656378170519874
290	1.0	0.0	1.0	-1.0	-1	0.13436218294801267	0.8656378170519874
291	1.0	0.0	1.0	-1.0	-1	0.13436218294801267	0.8656378170519874
292	1.0	0.0	1.0	-1.0	-1	0.13436218294801267	0.8656378170519874
293	1.0	0.0	1.0	-1.0	-1	0.13436218294801267	0.8656378170519874
294	1.0	0.0	1.0	-1.0	-1	0.13436218294801267	0.8656378170519874
295	1.0	0.0	1.0	1.0	-1	0.13436218294801267	0.8656378170519874
296	1.0	0.0	1.0	1.0	-1	0.13436218294801267	0.8656378170519874
297	1.0	0.0	1.0	-1.0	-1	0.13436218294801267	0.8656378170519874
298	0.0	0.0	1.0	-1.0	-1	0.44518291217104794	0.554817087828952
299	1.0	0.0	1.0	-1.0	-1	0.13436218294801267	0.8656378170519874
300	0.0	0.0	1.0	-1.0	-1	0.44518291217104794	0.554817087828952
301	0.0	0.0	1.0	-1.0	-1	0.44518291217104794	0.554817087828952
302	0.0	0.0	1.0	-1.0	-1	0.44518291217104794	0.554817087828952
303	1.0	0.0	0.0	1.0	1	0.6906976744186046	0.3093023255813953
304	1.0	0.0	1.0	1.0	-1	0.13436218294801267	0.8656378170519874
305	1.0	0.0	1.0	-1.0	-1	0.13436218294801267	0.8656378170519874
306	1.0	0.0	1.0	1.0	-1	0.13436218294801267	0.8656378170519874
307	1.0	1.0	0.0	-1.0	1	0.8152507676560901	0.1847492323439099
308	0.0	0.0	0.0	1.0	1	0.9202799902470741	0.0797200097529259
309	0.0	0.0	0.0	1.0	1	0.9202799902470741	0.0797200097529259
310	1.0	1.0	1.0	-1.0	-1	0.23472614726786706	0.765273852732133
311	1.0	0.0	0.0	1.0	1	0.6906976744186046	0.3093023255813953
312	1.0	0.0	1.0	-1.0	-1	0.13436218294801267	0.8656378170519874
313	1.0	0.0	1.0	-1.0	-1	0.13436218294801267	0.8656378170519874
314	1.0	0.0	1.0	-1.0	-1	0.13436218294801267	0.8656378170519874
315	0.0	0.0	0.0	1.0	1	0.9202799902470741	0.0797200097529259
316	1.0	0.0	1.0	-1.0	-1	0.13436218294801267	0.8656378170519874
317	1.0	0.0	1.0	-1.0	-1	0.13436218294801267	0.8656378170519874
318	0.0	0.0	1.0	-1.0	-1	0.44518291217104794	0.554817087828952
319	1.0	0.0	1.0	1.0	-1	0.13436218294801267	0.8656378170519874
320	1.0	0.0	1.0	-1.0	-1	0.13436218294801267	0.8656378170519874
321	1.0	0.0	1.0	-1.0	-1	0.13436218294801267	0.8656378170519874
322	1.0	0.0	1.0	-1.0	-1	0.13436218294801267	0.8656378170519874
323	1.0	0.0	1.0	-1.0	-1	0.13436218294801267	0.8656378170519874
324	1.0	0.0	1.0	-1.0	-1	0.13436218294801267	0.8656378170519874
325	1.0	0.0	1.0	-1.0	-1	0.13436218294801267	0.8656378170519874
326	0.0	0.0	1.0	1.0	-1	0.44518291217104794	0.554817087828952
327	0.0	0.0	1.0	1.0	-1	0.44518291217104794	0.554817087828952
328	1.0	0.0	1.0	-1.0	-1	0.13436218294801267	0.8656378170519874
329	0.0	0.0	0.0	-1.0	1	0.9202799902470741	0.0797200097529259
330	1.0	0.0	1.0	-1.0	-1	0.13436218294801267	0.8656378170519874
331	1.0	0.0	1.0	-1.0	-1	0.13436218294801267	0.8656378170519874
332	1.0	0.0	1.0	-1.0	-1	0.13436218294801267	0.8656378170519874
333	1.0	0.0	0.0	-1.0	1	0.6906976744186046	0.3093023255813953
334	0.0	0.0	1.0	-1.0	-1	0.44518291217104794	0.554817087828952
335	0.0	0.0	0.0	1.0	1	0.9202799902470741	0.0797200097529259
336	1.0	0.0	1.0	-1.0	-1	0.13436218294801267	0.8656378170519874
337	0.0	0.0	1.0	-1.0	-1	0.44518291217104794	0.554817087828952
338	0.0	0.0	0.0	1.0	1	0.9202799902470741	0.0797200097529259
339	1.0	0.0	1.0	-1.0	-1	0.13436218294801267	0.8656378170519874
340	1.0	0.0	1.0	1.0	-1	0.13436218294801267	0.8656378170519874
341	1.0	0.0	1.0	-1.0	-1	0.13436218294801267	0.8656378170519874
342	0.0	0.0	1.0	-1.0	-1	0.44518291217104794	0.554817087828952
343	1.0	0.0	1.0	1.0	-1	0.13436218294801267	0.8656378170519874
344	1.0	0.0	1.0	-1.0	-1	0.13436218294801267	0.8656378170519874
345	1.0	0.0	1.0	-1.0	-1	0.13436218294801267	0.8656378170519874
346	0.0	0.0	1.0	1.0	-1	0.44518291217104794	0.554817087828952
347	1.0	1.0	0.0	1.0	1	0.8152507676560901	0.1847492323439099
348	1.0	0.0	1.0	-1.0	-1	0.13436218294801267	0.8656378170519874
349	1.0	1.0	1.0	-1.0	-1	0.23472614726786706	0.765273852732133
350	1.0	0.0	1.0	-1.0	-1	0.13436218294801267	0.8656378170519874
351	1.0	0.0	1.0	-1.0	-1	0.13436218294801267	0.8656378170519874
352	1.0	0.0	1.0	-1.0	-1	0.13436218294801267	0.8656378170519874
353	0.0	0.0	1.0	-1.0	-1	0.44518291217104794	0.554817087828952
354	0.0	1.0	0.0	1.0	1	0.9580037226617031	0.04199627733829688
355	0.0	0.0	0.0	1.0	1	0.9202799902470741	0.0797200097529259
356	0.0	0.0	1.0	-1.0	-1	0.44518291217104794	0.554817087828952
357	0.0	1.0	1.0	1.0	1	0.6132419112920505	0.38675808870794953
358	1.0	0.0	1.0	-1.0	-1	0.13436218294801267	0.8656378170519874
359	1.0	0.0	1.0	-1.0	-1	0.13436218294801267	0.8656378170519874
360	1.0	0.0	1.0	-1.0	-1	0.13436218294801267	0.8656378170519874
361	1.0	0.0	1.0	-1.0	-1	0.13436218294801267	0.8656378170519874
362	1.0	1.0	1.0	-1.0	-1	0.23472614726786706	0.765273852732133
363	1.0	0.0	0.0	1.0	1	0.6906976744186046	0.3093023255813953
364	1.0	0.0	1.0	-1.0	-1	0.13436218294801267	0.8656378170519874
365	1.0	0.0	1.0	-1.0	-1	0.13436218294801267	0.8656378170519874
366	0.0	0.0	0.0	1.0	1	0.9202799902470741	0.0797200097529259
367	1.0	0.0	1.0	-1.0	-1	0.13436218294801267	0.8656378170519874
368	1.0	0.0	1.0	-1.0	-1	0.13436218294801267	0.8656378170519874
369	0.0	0.0	0.0	1.0	1	0.9202799902470741	0.0797200097529259
370	0.0	0.0	1.0	-1.0	-1	0.44518291217104794	0.554817087828952
371	1.0	0.0	1.0	1.0	-1	0.13436218294801267	0.8656378170519874
372	1.0	0.0	1.0	-1.0	-1	0.13436218294801267	0.8656378170519874
373	1.0	0.0	1.0	-1.0	-1	0.13436218294801267	0.8656378170519874
374	1.0	0.0	1.0	-1.0	-1	0.13436218294801267	0.8656378170519874
375	0.0	0.0	0.0	1.0	1	0.9202799902470741	0.0797200097529259
376	1.0	0.0	1.0	1.0	-1	0.13436218294801267	0.8656378170519874
377	0.0	0.0	0.0	1.0	1	0.9202799902470741	0.0797200097529259
378	1.0	0.0	1.0	-1.0	-1	0.13436218294801267	0.8656378170519874
379	1.0	0.0	1.0	-1.0	-1	0.13436218294801267	0.8656378170519874
380	1.0	0.0	1.0	-1.0	-1	0.13436218294801267	0.8656378170519874
381	1.0	0.0	0.0	-1.0	1	0.6906976744186046	0.3093023255813953
382	1.0	0.0	1.0	-1.0	-1	0.13436218294801267	0.8656378170519874
383	1.0	1.0	0.0	-1.0	1	0.8152507676560901	0.1847492323439099
384	0.0	0.0	1.0	-1.0	-1	0.44518291217104794	0.554817087828952
385	1.0	0.0	1.0	-1.0	-1	0.13436218294801267	0.8656378170519874
386	0.0	0.0	1.0	-1.0	-1	0.44518291217104794	0.554817087828952
387	1.0	0.0	1.0	-1.0	-1	0.13436218294801267	0.8656378170519874
388	0.0	0.0	1.0	-1.0	-1	0.44518291217104794	0.554817087828952
389	1.0	0.0	1.0	-1.0	-1	0.13436218294801267	0.8656378170519874
390	0.0	0.0	1.0	-1.0	-1	0.44518291217104794	0.554817087828952
391	0.0	0.0	1.0	-1.0	-1	0.44518291217104794	0.554817087828952
392	1.0	0.0	1.0	1.0	-1	0.13436218294801267	0.8656378170519874
393	1.0	0.0	1.0	-1.0	-1	0.13436218294801267	0.8656378170519874
394	0.0	0.0	0.0	1.0	1	0.9202799902470741	0.0797200097529259
395	0.0	1.0	0.0	1.0	1	0.9580037226617031	0.04199627733829688
396	1.0	1.0	0.0	-1.0	1	0.8152507676560901	0.1847492323439099
397	0.0	0.0	1.0	-1.0	-1	0.44518291217104794	0.554817087828952
398	1.0	0.0	1.0	-1.0	-1	0.13436218294801267	0.8656378170519874
399	1.0	0.0	1.0	1.0	-1	0.13436218294801267	0.8656378170519874
400	1.0	0.0	1.0	-1.0	-1	0.13436218294801267	0.8656378170519874
401	0.0	0.0	1.0	-1.0	-1	0.44518291217104794	0.554817087828952
402	1.0	0.0	0.0	1.0	1	0.6906976744186046	0.3093023255813953
403	1.0	0.0	1.0	-1.0	-1	0.13436218294801267	0.8656378170519874
404	0.0	0.0	0.0	1.0	1	0.9202799902470741	0.0797200097529259
405	1.0	0.0	1.0	1.0	-1	0.13436218294801267	0.8656378170519874
406	0.0	0.0	1.0	-1.0	-1	0.44518291217104794	0.554817087828952
407	1.0	0.0	1.0	-1.0	-1	0.13436218294801267	0.8656378170519874
408	1.0	0.0	1.0	1.0	-1	0.13436218294801267	0.8656378170519874
409	1.0	0.0	1.0	1.0	-1	0.13436218294801267	0.8656378170519874
410	1.0	0.0	1.0	-1.0	-1	0.13436218294801267	0.8656378170519874
411	1.0	0.0	1.0	-1.0	-1	0.13436218294801267	0.8656378170519874
412	1.0	0.0	1.0	-1.0	-1	0.13436218294801267	0.8656378170519874
413	1.0	0.0	1.0	-1.0	-1	0.13436218294801267	0.8656378170519874
414	1.0	0.0	1.0	-1.0	-1	0.13436218294801267	0.8656378170519874
415	1.0	0.0	1.0	-1.0	-1	0.13436218294801267	0.8656378170519874
416	1.0	0.0	1.0	1.0	-1	0.13436218294801267	0.8656378170519874
417	0.0	0.0	1.0	-1.0	-1	0.44518291217104794	0.554817087828952
418	1.0	1.0	0.0	-1.0	1	0.8152507676560901	0.1847492323439099
419	0.0	0.0	0.0	1.0	1	0.9202799902470741	0.0797200097529259
420	1.0	0.0	1.0	-1.0	-1	0.13436218294801267	0.8656378170519874
421	1.0	0.0	0.0	-1.0	1	0.6906976744186046	0.3093023255813953
422	1.0	0.0	1.0	-1.0	-1	0.13436218294801267	0.8656378170519874
423	1.0	0.0	1.0	-1.0	-1	0.13436218294801267	0.8656378170519874
424	1.0	0.0	1.0	-1.0	-1	0.13436218294801267	0.8656378170519874
425	1.0	0.0	1.0	1.0	-1	0.13436218294801267	0.8656378170519874
426	1.0	0.0	1.0	-1.0	-1	0.13436218294801267	0.8656378170519874
427	1.0	0.0	1.0	-1.0	-1	0.13436218294801267	0.8656378170519874
428	1.0	0.0	1.0	-1.0	-1	0.13436218294801267	0.8656378170519874
429	0.0	0.0	1.0	-1.0	-1	0.44518291217104794	0.554817087828952
430	1.0	0.0	1.0	-1.0	-1	0.13436218294801267	0.8656378170519874
431	1.0	0.0	1.0	-1.0	-1	0.13436218294801267	0.8656378170519874
432	1.0	0.0	1.0	-1.0	-1	0.13436218294801267	0.8656378170519874
433	1.0	0.0	1.0	-1.0	-1	0.13436218294801267	0.8656378170519874
434	1.0	0.0	1.0	-1.0	-1	0.13436218294801267	0.8656378170519874
435	1.0	0.0	1.0	1.0	-1	0.13436218294801267	0.8656378170519874
436	0.0	0.0	0.0	-1.0	1	0.9202799902470741	0.0797200097529259
437	1.0	0.0	1.0	1.0	-1	0.13436218294801267	0.8656378170519874
438	1.0	0.0	1.0	-1.0	-1	0.13436218294801267	0.8656378170519874
439	1.0	0.0	1.0	-1.0	-1	0.13436218294801267	0.8656378170519874
440	0.0	0.0	1.0	-1.0	-1	0.44518291217104794	0.554817087828952
441	1.0	0.0	1.0	-1.0	-1	0.13436218294801267	0.8656378170519874
442	1.0	0.0	1.0	-1.0	-1	0.13436218294801267	0.8656378170519874
443	1.0	0.0	1.0	1.0	-1	0.13436218294801267	0.8656378170519874
444	0.0	0.0	1.0	1.0	-1	0.44518291217104794	0.554817087828952
445	0.0	0.0	0.0	1.0	1	0.9202799902470741	0.0797200097529259
446	1.0	0.0	1.0	-1.0	-1	0.13436218294801267	0.8656378170519874
447	0.0	0.0	1.0	-1.0	-1	0.44518291217104794	0.554817087828952
448	1.0	0.0	0.0	-1.0	1	0.6906976744186046	0.3093023255813953
449	0.0	0.0	0.0	1.0	1	0.9202799902470741	0.0797200097529259
450	1.0	0.0	1.0	-1.0	-1	0.13436218294801267	0.8656378170519874
451	1.0	0.0	1.0	-1.0	-1	0.13436218294801267	0.8656378170519874
452	1.0	0.0	1.0	-1.0	-1	0.13436218294801267	0.8656378170519874
453	0.0	0.0	0.0	1.0	1	0.9202799902470741	0.0797200097529259
454	0.0	0.0	1.0	-1.0	-1	0.44518291217104794	0.554817087828952
455	1.0	0.0	0.0	1.0	1	0.6906976744186046	0.3093023255813953
456	0.0	0.0	1.0	-1.0	-1	0.44518291217104794	0.554817087828952
457	1.0	0.0	1.0	-1.0	-1	0.13436218294801267	0.8656378170519874
458	1.0	0.0	1.0	-1.0	-1	0.13436218294801267	0.8656378170519874
459	0.0	1.0	1.0	1.0	1	0.6132419112920505	0.38675808870794953
460	1.0	0.0	0.0	-1.0	1	0.6906976744186046	0.3093023255813953
461	1.0	0.0	1.0	1.0	-1	0.13436218294801267	0.8656378170519874
462	0.0	0.0	0.0	1.0	1	0.9202799902470741	0.0797200097529259
463	0.0	0.0	0.0	1.0	1	0.9202799902470741	0.0797200097529259
464	1.0	0.0	0.0	-1.0	1	0.6906976744186046	0.3093023255813953
465	1.0	0.0	1.0	-1.0	-1	0.13436218294801267	0.8656378170519874
466	0.0	0.0	0.0	1.0	1	0.9202799902470741	0.0797200097529259
467	1.0	0.0	1.0	-1.0	-1	0.13436218294801267	0.8656378170519874
468	0.0	0.0	1.0	-1.0	-1	0.44518291217104794	0.554817087828952
469	1.0	0.0	1.0	-1.0	-1	0.13436218294801267	0.8656378170519874
470	1.0	0.0	1.0	1.0	-1	0.13436218294801267	0.8656378170519874
471	1.0	0.0	1.0	-1.0	-1	0.13436218294801267	0.8656378170519874
472	1.0	0.0	1.0	-1.0	-1	0.13436218294801267	0.8656378170519874
473	1.0	0.0	1.0	1.0	-1	0.13436218294801267	0.8656378170519874
474	1.0	0.0	0.0	1.0	1	0.6906976744186046	0.3093023255813953
475	0.0	0.0	0.0	1.0	1	0.9202799902470741	0.0797200097529259
476	1.0	0.0	0.0	-1.0	1	0.6906976744186046	0.3093023255813953
477	0.0	1.0	1.0	1.0	1	0.6132419112920505	0.38675808870794953
478	0.0	0.0	0.0	1.0	1	0.9202799902470741	0.0797200097529259
479	0.0	0.0	0.0	1.0	1	0.9202799902470741	0.0797200097529259
480	0.0	0.0	0.0	1.0	1	0.9202799902470741	0.0797200097529259
481	1.0	0.0	1.0	-1.0	-1	0.13436218294801267	0.8656378170519874
482	0.0	0.0	0.0	1.0	1	0.9202799902470741	0.0797200097529259
483	1.0	0.0	1.0	-1.0	-1	0.13436218294801267	0.8656378170519874
484	1.0	0.0	1.0	-1.0	-1	0.13436218294801267	0.8656378170519874
485	0.0	0.0	0.0	1.0	1	0.9202799902470741	0.0797200097529259
486	1.0	0.0	1.0	1.0	-1	0.13436218294801267	0.8656378170519874
487	0.0	0.0	1.0	-1.0	-1	0.44518291217104794	0.554817087828952
488	0.0	0.0	1.0	-1.0	-1	0.44518291217104794	0.554817087828952
489	1.0	0.0	1.0	-1.0	-1	0.13436218294801267	0.8656378170519874
490	1.0	0.0	1.0	-1.0	-1	0.13436218294801267	0.8656378170519874
491	0.0	0.0	1.0	-1.0	-1	0.44518291217104794	0.554817087828952
492	0.0	0.0	1.0	-1.0	-1	0.44518291217104794	0.554817087828952
493	1.0	0.0	1.0	-1.0	-1	0.13436218294801267	0.8656378170519874
494	1.0	0.0	1.0	-1.0	-1	0.13436218294801267	0.8656378170519874
495	1.0	0.0	1.0	-1.0	-1	0.13436218294801267	0.8656378170519874
496	0.0	0.0	0.0	1.0	1	0.9202799902470741	0.0797200097529259
497	0.0	0.0	1.0	1.0	-1	0.44518291217104794	0.554817087828952
498	1.0	0.0	1.0	1.0	-1	0.13436218294801267	0.8656378170519874
499	1.0	0.0	1.0	-1.0	-1	0.13436218294801267	0.8656378170519874
500	1.0	0.0	1.0	1.0	-1	0.13436218294801267	0.8656378170519874
501	0.0	0.0	0.0	1.0	1	0.9202799902470741	0.0797200097529259
502	0.0	0.0	0.0	1.0	1	0.9202799902470741	0.0797200097529259
503	1.0	0.0	0.0	1.0	1	0.6906976744186046	0.3093023255813953
504	0.0	0.0	1.0	-1.0	-1	0.44518291217104794	0.554817087828952
505	1.0	1.0	1.0	-1.0	-1	0.23472614726786706	0.765273852732133
506	0.0	0.0	1.0	-1.0	-1	0.44518291217104794	0.554817087828952
507	1.0	0.0	1.0	-1.0	-1	0.13436218294801267	0.8656378170519874
508	0.0	0.0	1.0	-1.0	-1	0.44518291217104794	0.554817087828952
509	0.0	0.0	1.0	-1.0	-1	0.44518291217104794	0.554817087828952
510	1.0	0.0	1.0	1.0	-1	0.13436218294801267	0.8656378170519874
511	1.0	0.0	1.0	1.0	-1	0.13436218294801267	0.8656378170519874
512	1.0	0.0	1.0	-1.0	-1	0.13436218294801267	0.8656378170519874
513	0.0	0.0	0.0	1.0	1	0.9202799902470741	0.0797200097529259
514	0.0	0.0	1.0	-1.0	-1	0.44518291217104794	0.554817087828952
515	0.0	0.0	1.0	-1.0	-1	0.44518291217104794	0.554817087828952
516	0.0	0.0	0.0	1.0	1	0.9202799902470741	0.0797200097529259
517	1.0	0.0	1.0	-1.0	-1	0.13436218294801267	0.8656378170519874
518	0.0	0.0	1.0	-1.0	-1	0.44518291217104794	0.554817087828952
519	1.0	0.0	1.0	-1.0	-1	0.13436218294801267	0.8656378170519874
520	1.0	0.0	1.0	-1.0	-1	0.13436218294801267	0.8656378170519874
521	1.0	0.0	1.0	1.0	-1	0.13436218294801267	0.8656378170519874
522	1.0	1.0	1.0	-1.0	-1	0.23472614726786706	0.765273852732133
523	1.0	0.0	1.0	1.0	-1	0.13436218294801267	0.8656378170519874
524	1.0	0.0	1.0	1.0	-1	0.13436218294801267	0.8656378170519874
525	0.0	0.0	0.0	1.0	1	0.9202799902470741	0.0797200097529259
526	1.0	0.0	1.0	1.0	-1	0.13436218294801267	0.8656378170519874
527	1.0	0.0	1.0	1.0	-1	0.13436218294801267	0.8656378170519874
528	1.0	0.0	0.0	1.0	1	0.6906976744186046	0.3093023255813953
529	1.0	0.0	1.0	-1.0	-1	0.13436218294801267	0.8656378170519874
530	1.0	0.0	0.0	-1.0	1	0.6906976744186046	0.3093023255813953
531	1.0	0.0	1.0	-1.0	-1	0.13436218294801267	0.8656378170519874
532	0.0	0.0	1.0	-1.0	-1	0.44518291217104794	0.554817087828952
533	1.0	0.0	0.0	-1.0	1	0.6906976744186046	0.3093023255813953
534	1.0	0.0	1.0	-1.0	-1	0.13436218294801267	0.8656378170519874
535	0.0	0.0	0.0	1.0	1	0.9202799902470741	0.0797200097529259
536	1.0	0.0	1.0	-1.0	-1	0.13436218294801267	0.8656378170519874
537	1.0	0.0	1.0	-1.0	-1	0.13436218294801267	0.8656378170519874
538	1.0	0.0	1.0	-1.0	-1	0.13436218294801267	0.8656378170519874
539	1.0	0.0	1.0	-1.0	-1	0.13436218294801267	0.8656378170519874
540	1.0	0.0	1.0	-1.0	-1	0.13436218294801267	0.8656378170519874
541	1.0	0.0	1.0	1.0	-1	0.13436218294801267	0.8656378170519874
542	0.0	0.0	1.0	-1.0	-1	0.44518291217104794	0.554817087828952
543	1.0	0.0	0.0	-1.0	1	0.6906976744186046	0.3093023255813953
544	0.0	1.0	1.0	1.0	1	0.6132419112920505	0.38675808870794953
545	1.0	0.0	1.0	1.0	-1	0.13436218294801267	0.8656378170519874
546	0.0	0.0	1.0	1.0	-1	0.44518291217104794	0.554817087828952
547	1.0	0.0	1.0	1.0	-1	0.13436218294801267	0.8656378170519874
548	1.0	0.0	1.0	-1.0	-1	0.13436218294801267	0.8656378170519874
549	0.0	0.0	1.0	-1.0	-1	0.44518291217104794	0.554817087828952
550	0.0	0.0	0.0	1.0	1	0.9202799902470741	0.0797200097529259
551	1.0	0.0	1.0	-1.0	-1	0.13436218294801267	0.8656378170519874
552	1.0	0.0	0.0	-1.0	1	0.6906976744186046	0.3093023255813953
553	1.0	0.0	1.0	-1.0	-1	0.13436218294801267	0.8656378170519874
554	1.0	0.0	1.0	-1.0	-1	0.13436218294801267	0.8656378170519874
555	1.0	0.0	0.0	-1.0	1	0.6906976744186046	0.3093023255813953
556	1.0	0.0	1.0	-1.0	-1	0.13436218294801267	0.8656378170519874
557	0.0	0.0	0.0	1.0	1	0.9202799902470741	0.0797200097529259
558	1.0	0.0	1.0	-1.0	-1	0.13436218294801267	0.8656378170519874
559	0.0	0.0	0.0	1.0	1	0.9202799902470741	0.0797200097529259
560	1.0	0.0	1.0	1.0	-1	0.13436218294801267	0.8656378170519874
561	1.0	0.0	1.0	1.0	-1	0.13436218294801267	0.8656378170519874
562	1.0	1.0	1.0	-1.0	-1	0.23472614726786706	0.765273852732133
563	1.0	0.0	1.0	-1.0	-1	0.13436218294801267	0.8656378170519874
564	1.0	0.0	1.0	1.0	-1	0.13436218294801267	0.8656378170519874
565	0.0	0.0	0.0	1.0	1	0.9202799902470741	0.0797200097529259
566	1.0	0.0	1.0	-1.0	-1	0.13436218294801267	0.8656378170519874
567	1.0	0.0	1.0	-1.0	-1	0.13436218294801267	0.8656378170519874
568	1.0	0.0	1.0	-1.0	-1	0.13436218294801267	0.8656378170519874
569	1.0	0.0	1.0	-1.0	-1	0.13436218294801267	0.8656378170519874
570	0.0	0.0	1.0	-1.0	-1	0.44518291217104794	0.554817087828952
571	0.0	0.0	0.0	1.0	1	0.9202799902470741	0.0797200097529259
572	1.0	0.0	1.0	-1.0	-1	0.13436218294801267	0.8656378170519874
573	1.0	0.0	1.0	-1.0	-1	0.13436218294801267	0.8656378170519874
574	1.0	0.0	1.0	-1.0	-1	0.13436218294801267	0.8656378170519874
575	1.0	0.0	1.0	-1.0	-1	0.13436218294801267	0.8656378170519874
576	0.0	0.0	0.0	1.0	1	0.9202799902470741	0.0797200097529259
577	0.0	0.0	1.0	1.0	-1	0.44518291217104794	0.554817087828952
578	1.0	0.0	1.0	-1.0	-1	0.13436218294801267	0.8656378170519874
579	0.0	0.0	1.0	-1.0	-1	0.44518291217104794	0.554817087828952
580	1.0	0.0	0.0	1.0	1	0.6906976744186046	0.3093023255813953
581	1.0	0.0	0.0	-1.0	1	0.6906976744186046	0.3093023255813953
582	0.0	0.0	1.0	1.0	-1	0.44518291217104794	0.554817087828952
583	0.0	0.0	1.0	1.0	-1	0.44518291217104794	0.554817087828952
584	0.0	0.0	1.0	1.0	-1	0.44518291217104794	0.554817087828952
585	1.0	0.0	1.0	-1.0	-1	0.13436218294801267	0.8656378170519874
586	0.0	0.0	1.0	-1.0	-1	0.44518291217104794	0.554817087828952
587	1.0	0.0	1.0	1.0	-1	0.13436218294801267	0.8656378170519874
588	0.0	0.0	1.0	-1.0	-1	0.44518291217104794	0.554817087828952
589	1.0	0.0	1.0	-1.0	-1	0.13436218294801267	0.8656378170519874
590	0.0	0.0	0.0	1.0	1	0.9202799902470741	0.0797200097529259
591	0.0	0.0	0.0	1.0	1	0.9202799902470741	0.0797200097529259
592	1.0	0.0	1.0	-1.0	-1	0.13436218294801267	0.8656378170519874
593	0.0	0.0	0.0	1.0	1	0.9202799902470741	0.0797200097529259
594	0.0	0.0	1.0	1.0	-1	0.44518291217104794	0.554817087828952
595	0.0	0.0	1.0	-1.0	-1	0.44518291217104794	0.554817087828952
596	0.0	0.0	0.0	1.0	1	0.9202799902470741	0.0797200097529259
597	1.0	0.0	0.0	-1.0	1	0.6906976744186046	0.3093023255813953
598	0.0	0.0	1.0	-1.0	-1	0.44518291217104794	0.554817087828952
599	1.0	0.0	1.0	-1.0	-1	0.13436218294801267	0.8656378170519874
600	1.0	0.0	1.0	-1.0	-1	0.13436218294801267	0.8656378170519874
601	0.0	0.0	1.0	-1.0	-1	0.44518291217104794	0.554817087828952
602	1.0	0.0	1.0	-1.0	-1	0.13436218294801267	0.8656378170519874
603	0.0	0.0	0.0	1.0	1	0.9202799902470741	0.0797200097529259
604	0.0	0.0	1.0	-1.0	-1	0.44518291217104794	0.554817087828952
605	0.0	0.0	1.0	-1.0	-1	0.44518291217104794	0.554817087828952
606	1.0	0.0	1.0	-1.0	-1	0.13436218294801267	0.8656378170519874
607	1.0	0.0	0.0	1.0	1	0.6906976744186046	0.3093023255813953
608	1.0	0.0	1.0	-1.0	-1	0.13436218294801267	0.8656378170519874
609	1.0	0.0	1.0	-1.0	-1	0.13436218294801267	0.8656378170519874
610	1.0	0.0	1.0	-1.0	-1	0.13436218294801267	0.8656378170519874
611	1.0	0.0	0.0	-1.0	1	0.6906976744186046	0.3093023255813953
612	0.0	0.0	0.0	1.0	1	0.9202799902470741	0.0797200097529259
613	1.0	0.0	0.0	-1.0	1	0.6906976744186046	0.3093023255813953
614	0.0	0.0	1.0	-1.0	-1	0.44518291217104794	0.554817087828952
615	1.0	0.0	0.0	-1.0	1	0.6906976744186046	0.3093023255813953
616	1.0	0.0	1.0	-1.0	-1	0.13436218294801267	0.8656378170519874
617	1.0	0.0	1.0	1.0	-1	0.13436218294801267	0.8656378170519874
618	1.0	0.0	1.0	-1.0	-1	0.13436218294801267	0.8656378170519874
619	1.0	0.0	1.0	-1.0	-1	0.13436218294801267	0.8656378170519874
620	1.0	1.0	0.0	1.0	1	0.8152507676560901	0.1847492323439099
621	0.0	0.0	1.0	1.0	-1	0.44518291217104794	0.554817087828952
622	1.0	0.0	1.0	-1.0	-1	0.13436218294801267	0.8656378170519874
623	0.0	0.0	1.0	-1.0	-1	0.44518291217104794	0.554817087828952
624	0.0	0.0	1.0	-1.0	-1	0.44518291217104794	0.554817087828952
625	1.0	0.0	1.0	-1.0	-1	0.13436218294801267	0.8656378170519874
626	0.0	1.0	1.0	1.0	1	0.6132419112920505	0.38675808870794953
627	1.0	0.0	1.0	-1.0	-1	0.13436218294801267	0.8656378170519874
628	0.0	0.0	0.0	1.0	1	0.9202799902470741	0.0797200097529259
629	0.0	1.0	1.0	1.0	1	0.6132419112920505	0.38675808870794953
630	1.0	0.0	1.0	-1.0	-1	0.13436218294801267	0.8656378170519874
631	1.0	0.0	1.0	-1.0	-1	0.13436218294801267	0.8656378170519874
632	1.0	0.0	1.0	-1.0	-1	0.13436218294801267	0.8656378170519874
633	1.0	0.0	1.0	-1.0	-1	0.13436218294801267	0.8656378170519874
634	1.0	0.0	1.0	1.0	-1	0.13436218294801267	0.8656378170519874
635	0.0	0.0	1.0	-1.0	-1	0.44518291217104794	0.554817087828952
636	0.0	0.0	0.0	1.0	1	0.9202799902470741	0.0797200097529259
637	1.0	0.0	1.0	-1.0	-1	0.13436218294801267	0.8656378170519874
638	1.0	0.0	1.0	-1.0	-1	0.13436218294801267	0.8656378170519874
639	0.0	0.0	0.0	1.0	1	0.9202799902470741	0.0797200097529259
640	1.0	0.0	1.0	-1.0	-1	0.13436218294801267	0.8656378170519874
641	1.0	0.0	0.0	1.0	1	0.6906976744186046	0.3093023255813953
642	1.0	0.0	1.0	-1.0	-1	0.13436218294801267	0.8656378170519874
643	0.0	0.0	1.0	-1.0	-1	0.44518291217104794	0.554817087828952
644	1.0	0.0	1.0	1.0	-1	0.13436218294801267	0.8656378170519874
645	1.0	0.0	1.0	-1.0	-1	0.13436218294801267	0.8656378170519874
646	0.0	1.0	1.0	1.0	1	0.6132419112920505	0.38675808870794953
647	1.0	0.0	1.0	-1.0	-1	0.13436218294801267	0.8656378170519874
648	0.0	0.0	0.0	1.0	1	0.9202799902470741	0.0797200097529259
649	1.0	0.0	0.0	-1.0	1	0.6906976744186046	0.3093023255813953
650	1.0	1.0	1.0	1.0	-1	0.23472614726786706	0.765273852732133
651	1.0	0.0	1.0	-1.0	-1	0.13436218294801267	0.8656378170519874
652	1.0	0.0	0.0	-1.0	1	0.6906976744186046	0.3093023255813953
653	1.0	0.0	1.0	-1.0	-1	0.13436218294801267	0.8656378170519874
654	1.0	0.0	1.0	1.0	-1	0.13436218294801267	0.8656378170519874
655	1.0	0.0	0.0	1.0	1	0.6906976744186046	0.3093023255813953
656	1.0	0.0	0.0	1.0	1	0.6906976744186046	0.3093023255813953
657	1.0	0.0	1.0	1.0	-1	0.13436218294801267	0.8656378170519874
658	0.0	0.0	1.0	-1.0	-1	0.44518291217104794	0.554817087828952
659	1.0	0.0	0.0	1.0	1	0.6906976744186046	0.3093023255813953
660	0.0	0.0	0.0	1.0	1	0.9202799902470741	0.0797200097529259
661	1.0	0.0	1.0	-1.0	-1	0.13436218294801267	0.8656378170519874
662	1.0	0.0	1.0	-1.0	-1	0.13436218294801267	0.8656378170519874
663	1.0	0.0	1.0	-1.0	-1	0.13436218294801267	0.8656378170519874
664	0.0	0.0	1.0	-1.0	-1	0.44518291217104794	0.554817087828952
665	1.0	1.0	1.0	1.0	-1	0.23472614726786706	0.765273852732133
666	1.0	0.0	1.0	1.0	-1	0.13436218294801267	0.8656378170519874
667	1.0	0.0	1.0	-1.0	-1	0.13436218294801267	0.8656378170519874
668	1.0	0.0	1.0	-1.0	-1	0.13436218294801267	0.8656378170519874
669	1.0	0.0	0.0	1.0	1	0.6906976744186046	0.3093023255813953
670	1.0	0.0	1.0	1.0	-1	0.13436218294801267	0.8656378170519874
671	1.0	0.0	0.0	1.0	1	0.6906976744186046	0.3093023255813953
672	1.0	0.0	1.0	-1.0	-1	0.13436218294801267	0.8656378170519874
673	1.0	0.0	1.0	-1.0	-1	0.13436218294801267	0.8656378170519874
674	1.0	0.0	0.0	1.0	1	0.6906976744186046	0.3093023255813953
675	1.0	1.0	1.0	-1.0	-1	0.23472614726786706	0.765273852732133
676	1.0	0.0	1.0	-1.0	-1	0.13436218294801267	0.8656378170519874
677	1.0	0.0	0.0	-1.0	1	0.6906976744186046	0.3093023255813953
678	1.0	0.0	0.0	1.0	1	0.6906976744186046	0.3093023255813953
679	1.0	0.0	1.0	-1.0	-1	0.13436218294801267	0.8656378170519874
680	1.0	0.0	1.0	1.0	-1	0.13436218294801267	0.8656378170519874
681	1.0	0.0	0.0	1.0	1	0.6906976744186046	0.3093023255813953
682	1.0	0.0	1.0	1.0	-1	0.13436218294801267	0.8656378170519874
683	0.0	0.0	0.0	1.0	1	0.9202799902470741	0.0797200097529259
684	1.0	0.0	1.0	-1.0	-1	0.13436218294801267	0.8656378170519874
685	1.0	0.0	1.0	1.0	-1	0.13436218294801267	0.8656378170519874
686	1.0	0.0	1.0	1.0	-1	0.13436218294801267	0.8656378170519874
687	0.0	0.0	1.0	1.0	-1	0.44518291217104794	0.554817087828952
688	0.0	0.0	0.0	1.0	1	0.9202799902470741	0.0797200097529259
689	0.0	0.0	0.0	1.0	1	0.9202799902470741	0.0797200097529259
690	0.0	0.0	1.0	-1.0	-1	0.44518291217104794	0.554817087828952
691	1.0	0.0	1.0	-1.0	-1	0.13436218294801267	0.8656378170519874
692	1.0	0.0	1.0	-1.0	-1	0.13436218294801267	0.8656378170519874
693	1.0	0.0	0.0	-1.0	1	0.6906976744186046	0.3093023255813953
694	1.0	0.0	1.0	-1.0	-1	0.13436218294801267	0.8656378170519874
695	1.0	0.0	1.0	-1.0	-1	0.13436218294801267	0.8656378170519874
696	1.0	1.0	1.0	1.0	-1	0.23472614726786706	0.765273852732133
697	1.0	0.0	1.0	-1.0	-1	0.13436218294801267	0.8656378170519874
698	1.0	0.0	1.0	-1.0	-1	0.13436218294801267	0.8656378170519874
699	1.0	0.0	1.0	-1.0	-1	0.13436218294801267	0.8656378170519874
700	1.0	0.0	1.0	-1.0	-1	0.13436218294801267	0.8656378170519874
701	1.0	0.0	1.0	-1.0	-1	0.13436218294801267	0.8656378170519874
702	1.0	0.0	1.0	-1.0	-1	0.13436218294801267	0.8656378170519874
703	1.0	0.0	1.0	-1.0	-1	0.13436218294801267	0.8656378170519874
704	1.0	0.0	1.0	-1.0	-1	0.13436218294801267	0.8656378170519874
705	1.0	0.0	1.0	-1.0	-1	0.13436218294801267	0.8656378170519874
706	1.0	0.0	1.0	-1.0	-1	0.13436218294801267	0.8656378170519874
707	1.0	0.0	1.0	-1.0	-1	0.13436218294801267	0.8656378170519874
708	1.0	0.0	1.0	-1.0	-1	0.13436218294801267	0.8656378170519874
709	1.0	0.0	1.0	1.0	-1	0.13436218294801267	0.8656378170519874
710	1.0	0.0	1.0	-1.0	-1	0.13436218294801267	0.8656378170519874
711	1.0	0.0	1.0	-1.0	-1	0.13436218294801267	0.8656378170519874
712	0.0	0.0	0.0	1.0	1	0.9202799902470741	0.0797200097529259
713	1.0	0.0	1.0	-1.0	-1	0.13436218294801267	0.8656378170519874
714	1.0	1.0	0.0	1.0	1	0.8152507676560901	0.1847492323439099
715	1.0	0.0	1.0	-1.0	-1	0.13436218294801267	0.8656378170519874
716	0.0	1.0	1.0	1.0	1	0.6132419112920505	0.38675808870794953
717	1.0	0.0	1.0	-1.0	-1	0.13436218294801267	0.8656378170519874
718	1.0	0.0	1.0	-1.0	-1	0.13436218294801267	0.8656378170519874
719	1.0	0.0	1.0	-1.0	-1	0.13436218294801267	0.8656378170519874
720	1.0	0.0	1.0	-1.0	-1	0.13436218294801267	0.8656378170519874
721	1.0	0.0	1.0	1.0	-1	0.13436218294801267	0.8656378170519874
722	1.0	0.0	1.0	-1.0	-1	0.13436218294801267	0.8656378170519874
723	0.0	0.0	0.0	1.0	1	0.9202799902470741	0.0797200097529259
724	0.0	0.0	1.0	-1.0	-1	0.44518291217104794	0.554817087828952
725	1.0	0.0	1.0	-1.0	-1	0.13436218294801267	0.8656378170519874
726	0.0	1.0	1.0	1.0	1	0.6132419112920505	0.38675808870794953
727	1.0	0.0	1.0	-1.0	-1	0.13436218294801267	0.8656378170519874
728	1.0	0.0	1.0	-1.0	-1	0.13436218294801267	0.8656378170519874
729	0.0	0.0	1.0	-1.0	-1	0.44518291217104794	0.554817087828952
730	1.0	0.0	1.0	-1.0	-1	0.13436218294801267	0.8656378170519874
731	1.0	0.0	1.0	1.0	-1	0.13436218294801267	0.8656378170519874
732	1.0	0.0	1.0	1.0	-1	0.13436218294801267	0.8656378170519874
733	1.0	0.0	1.0	-1.0	-1	0.13436218294801267	0.8656378170519874
734	0.0	0.0	1.0	-1.0	-1	0.44518291217104794	0.554817087828952
735	1.0	0.0	0.0	-1.0	1	0.6906976744186046	0.3093023255813953
736	0.0	0.0	0.0	1.0	1	0.9202799902470741	0.0797200097529259
737	1.0	0.0	1.0	1.0	-1	0.13436218294801267	0.8656378170519874
738	1.0	0.0	1.0	-1.0	-1	0.13436218294801267	0.8656378170519874
739	1.0	0.0	1.0	-1.0	-1	0.13436218294801267	0.8656378170519874
740	1.0	0.0	1.0	-1.0	-1	0.13436218294801267	0.8656378170519874
741	0.0	1.0	1.0	1.0	1	0.6132419112920505	0.38675808870794953
742	0.0	0.0	1.0	-1.0	-1	0.44518291217104794	0.554817087828952
743	1.0	0.0	1.0	-1.0	-1	0.13436218294801267	0.8656378170519874
744	0.0	0.0	1.0	1.0	-1	0.44518291217104794	0.554817087828952
745	1.0	0.0	0.0	1.0	1	0.6906976744186046	0.3093023255813953
746	1.0	0.0	1.0	-1.0	-1	0.13436218294801267	0.8656378170519874
747	1.0	0.0	1.0	-1.0	-1	0.13436218294801267	0.8656378170519874
748	1.0	0.0	1.0	-1.0	-1	0.13436218294801267	0.8656378170519874
749	1.0	0.0	1.0	-1.0	-1	0.13436218294801267	0.8656378170519874
750	1.0	0.0	1.0	1.0	-1	0.13436218294801267	0.8656378170519874
751	1.0	0.0	1.0	1.0	-1	0.13436218294801267	0.8656378170519874
752	1.0	0.0	1.0	-1.0	-1	0.13436218294801267	0.8656378170519874
753	1.0	0.0	1.0	-1.0	-1	0.13436218294801267	0.8656378170519874
754	1.0	0.0	1.0	1.0	-1	0.13436218294801267	0.8656378170519874
755	0.0	0.0	0.0	1.0	1	0.9202799902470741	0.0797200097529259
756	1.0	1.0	1.0	-1.0	-1	0.23472614726786706	0.765273852732133
757	1.0	0.0	0.0	1.0	1	0.6906976744186046	0.3093023255813953
758	0.0	0.0	1.0	-1.0	-1	0.44518291217104794	0.554817087828952
759	1.0	0.0	1.0	-1.0	-1	0.13436218294801267	0.8656378170519874
760	1.0	0.0	1.0	1.0	-1	0.13436218294801267	0.8656378170519874
761	1.0	0.0	0.0	-1.0	1	0.6906976744186046	0.3093023255813953
762	1.0	0.0	1.0	1.0	-1	0.13436218294801267	0.8656378170519874
763	1.0	0.0	0.0	-1.0	1	0.6906976744186046	0.3093023255813953
764	1.0	0.0	1.0	-1.0	-1	0.13436218294801267	0.8656378170519874
765	1.0	0.0	1.0	-1.0	-1	0.13436218294801267	0.8656378170519874
766	1.0	0.0	1.0	-1.0	-1	0.13436218294801267	0.8656378170519874
767	1.0	0.0	1.0	-1.0	-1	0.13436218294801267	0.8656378170519874
768	1.0	0.0	1.0	-1.0	-1	0.13436218294801267	0.8656378170519874
769	0.0	0.0	1.0	-1.0	-1	0.44518291217104794	0.554817087828952
770	1.0	0.0	1.0	-1.0	-1	0.13436218294801267	0.8656378170519874
771	1.0	0.0	1.0	-1.0	-1	0.13436218294801267	0.8656378170519874
772	1.0	0.0	1.0	-1.0	-1	0.13436218294801267	0.8656378170519874
773	1.0	0.0	1.0	-1.0	-1	0.13436218294801267	0.8656378170519874
774	1.0	0.0	1.0	-1.0	-1	0.13436218294801267	0.8656378170519874
775	1.0	0.0	1.0	-1.0	-1	0.13436218294801267	0.8656378170519874
776	1.0	1.0	0.0	-1.0	1	0.8152507676560901	0.1847492323439099
777	0.0	0.0	1.0	-1.0	-1	0.44518291217104794	0.554817087828952
778	1.0	0.0	0.0	1.0	1	0.6906976744186046	0.3093023255813953
779	0.0	0.0	1.0	-1.0	-1	0.44518291217104794	0.554817087828952
780	1.0	0.0	1.0	1.0	-1	0.13436218294801267	0.8656378170519874
781	0.0	0.0	1.0	-1.0	-1	0.44518291217104794	0.554817087828952
782	1.0	0.0	1.0	-1.0	-1	0.13436218294801267	0.8656378170519874
783	1.0	0.0	1.0	1.0	-1	0.13436218294801267	0.8656378170519874
784	1.0	0.0	1.0	-1.0	-1	0.13436218294801267	0.8656378170519874
785	1.0	0.0	1.0	-1.0	-1	0.13436218294801267	0.8656378170519874
786	0.0	0.0	1.0	-1.0	-1	0.44518291217104794	0.554817087828952
787	0.0	0.0	1.0	1.0	-1	0.44518291217104794	0.554817087828952
788	1.0	0.0	1.0	-1.0	-1	0.13436218294801267	0.8656378170519874
789	1.0	0.0	1.0	1.0	-1	0.13436218294801267	0.8656378170519874
790	0.0	0.0	0.0	1.0	1	0.9202799902470741	0.0797200097529259
791	0.0	0.0	1.0	-1.0	-1	0.44518291217104794	0.554817087828952
792	1.0	0.0	0.0	1.0	1	0.6906976744186046	0.3093023255813953
793	1.0	0.0	1.0	-1.0	-1	0.13436218294801267	0.8656378170519874
794	1.0	0.0	1.0	-1.0	-1	0.13436218294801267	0.8656378170519874
795	1.0	0.0	1.0	-1.0	-1	0.13436218294801267	0.8656378170519874
796	1.0	0.0	1.0	1.0	-1	0.13436218294801267	0.8656378170519874
797	0.0	0.0	1.0	-1.0	-1	0.44518291217104794	0.554817087828952
798	1.0	0.0	0.0	-1.0	1	0.6906976744186046	0.3093023255813953
799	1.0	0.0	0.0	-1.0	1	0.6906976744186046	0.3093023255813953
800	1.0	0.0	0.0	-1.0	1	0.6906976744186046	0.3093023255813953
801	0.0	0.0	1.0	-1.0	-1	0.44518291217104794	0.554817087828952
802	1.0	0.0	1.0	1.0	-1	0.13436218294801267	0.8656378170519874
803	1.0	0.0	1.0	1.0	-1	0.13436218294801267	0.8656378170519874
804	1.0	0.0	1.0	1.0	-1	0.13436218294801267	0.8656378170519874
805	1.0	0.0	1.0	-1.0	-1	0.13436218294801267	0.8656378170519874
806	1.0	0.0	1.0	-1.0	-1	0.13436218294801267	0.8656378170519874
807	1.0	0.0	1.0	-1.0	-1	0.13436218294801267	0.8656378170519874
808	1.0	0.0	1.0	-1.0	-1	0.13436218294801267	0.8656378170519874
809	1.0	0.0	1.0	-1.0	-1	0.13436218294801267	0.8656378170519874
810	1.0	0.0	1.0	-1.0	-1	0.13436218294801267	0.8656378170519874
811	1.0	0.0	1.0	-1.0	-1	0.13436218294801267	0.8656378170519874
812	1.0	0.0	1.0	-1.0	-1	0.13436218294801267	0.8656378170519874
813	1.0	0.0	1.0	1.0	-1	0.13436218294801267	0.8656378170519874
814	1.0	0.0	1.0	-1.0	-1	0.13436218294801267	0.8656378170519874
815	0.0	0.0	1.0	-1.0	-1	0.44518291217104794	0.554817087828952
816	0.0	0.0	0.0	1.0	1	0.9202799902470741	0.0797200097529259
817	1.0	0.0	1.0	-1.0	-1	0.13436218294801267	0.8656378170519874
818	1.0	0.0	1.0	-1.0	-1	0.13436218294801267	0.8656378170519874
819	0.0	0.0	1.0	-1.0	-1	0.44518291217104794	0.554817087828952
820	0.0	0.0	1.0	-1.0	-1	0.44518291217104794	0.554817087828952
821	1.0	0.0	1.0	-1.0	-1	0.13436218294801267	0.8656378170519874
822	0.0	0.0	0.0	1.0	1	0.9202799902470741	0.0797200097529259
823	1.0	0.0	1.0	-1.0	-1	0.13436218294801267	0.8656378170519874
824	1.0	0.0	1.0	-1.0	-1	0.13436218294801267	0.8656378170519874
825	0.0	0.0	0.0	1.0	1	0.9202799902470741	0.0797200097529259
826	1.0	0.0	1.0	-1.0	-1	0.13436218294801267	0.8656378170519874
827	1.0	0.0	1.0	1.0	-1	0.13436218294801267	0.8656378170519874
828	1.0	0.0	1.0	1.0	-1	0.13436218294801267	0.8656378170519874
829	1.0	0.0	0.0	1.0	1	0.6906976744186046	0.3093023255813953
830	0.0	0.0	1.0	-1.0	-1	0.44518291217104794	0.554817087828952
831	0.0	0.0	1.0	-1.0	-1	0.44518291217104794	0.554817087828952
832	1.0	0.0	1.0	-1.0	-1	0.13436218294801267	0.8656378170519874
833	1.0	0.0	1.0	1.0	-1	0.13436218294801267	0.8656378170519874
834	1.0	0.0	1.0	1.0	-1	0.13436218294801267	0.8656378170519874
835	1.0	0.0	1.0	-1.0	-1	0.13436218294801267	0.8656378170519874
836	1.0	0.0	1.0	1.0	-1	0.13436218294801267	0.8656378170519874
837	0.0	0.0	1.0	-1.0	-1	0.44518291217104794	0.554817087828952
838	0.0	1.0	0.0	1.0	1	0.9580037226617031	0.04199627733829688
839	1.0	0.0	1.0	-1.0	-1	0.13436218294801267	0.8656378170519874
840	0.0	0.0	1.0	-1.0	-1	0.44518291217104794	0.554817087828952
841	1.0	0.0	1.0	-1.0	-1	0.13436218294801267	0.8656378170519874
842	0.0	0.0	1.0	-1.0	-1	0.44518291217104794	0.554817087828952
843	1.0	0.0	1.0	-1.0	-1	0.13436218294801267	0.8656378170519874
844	1.0	1.0	1.0	-1.0	-1	0.23472614726786706	0.765273852732133
845	0.0	0.0	1.0	-1.0	-1	0.44518291217104794	0.554817087828952
846	1.0	0.0	1.0	1.0	-1	0.13436218294801267	0.8656378170519874
847	1.0	0.0	1.0	1.0	-1	0.13436218294801267	0.8656378170519874
848	1.0	0.0	1.0	1.0	-1	0.13436218294801267	0.8656378170519874
849	0.0	0.0	0.0	-1.0	1	0.9202799902470741	0.0797200097529259
850	1.0	0.0	0.0	-1.0	1	0.6906976744186046	0.3093023255813953
851	1.0	0.0	1.0	-1.0	-1	0.13436218294801267	0.8656378170519874
852	1.0	0.0	0.0	1.0	1	0.6906976744186046	0.3093023255813953
853	0.0	0.0	1.0	-1.0	-1	0.44518291217104794	0.554817087828952
854	1.0	0.0	1.0	1.0	-1	0.13436218294801267	0.8656378170519874
855	0.0	0.0	1.0	-1.0	-1	0.44518291217104794	0.554817087828952
856	1.0	0.0	1.0	1.0	-1	0.13436218294801267	0.8656378170519874
857	0.0	0.0	0.0	1.0	1	0.9202799902470741	0.0797200097529259
858	0.0	0.0	0.0	1.0	1	0.9202799902470741	0.0797200097529259
859	1.0	0.0	0.0	-1.0	1	0.6906976744186046	0.3093023255813953
860	1.0	0.0	0.0	1.0	1	0.6906976744186046	0.3093023255813953
861	1.0	0.0	1.0	1.0	-1	0.13436218294801267	0.8656378170519874
862	1.0	0.0	1.0	1.0	-1	0.13436218294801267	0.8656378170519874
863	1.0	0.0	1.0	-1.0	-1	0.13436218294801267	0.8656378170519874
864	1.0	0.0	1.0	-1.0	-1	0.13436218294801267	0.8656378170519874
865	0.0	0.0	1.0	-1.0	-1	0.44518291217104794	0.554817087828952
866	0.0	0.0	0.0	1.0	1	0.9202799902470741	0.0797200097529259
867	0.0	0.0	1.0	-1.0	-1	0.44518291217104794	0.554817087828952
868	1.0	0.0	0.0	1.0	1	0.6906976744186046	0.3093023255813953
869	1.0	0.0	0.0	-1.0	1	0.6906976744186046	0.3093023255813953
870	0.0	0.0	0.0	1.0	1	0.9202799902470741	0.0797200097529259
871	1.0	0.0	1.0	-1.0	-1	0.13436218294801267	0.8656378170519874
872	0.0	0.0	1.0	-1.0	-1	0.44518291217104794	0.554817087828952
873	1.0	1.0	0.0	1.0	1	0.8152507676560901	0.1847492323439099
874	0.0	0.0	0.0	1.0	1	0.9202799902470741	0.0797200097529259
875	1.0	0.0	1.0	-1.0	-1	0.13436218294801267	0.8656378170519874
876	1.0	0.0	1.0	1.0	-1	0.13436218294801267	0.8656378170519874
877	1.0	0.0	1.0	-1.0	-1	0.13436218294801267	0.8656378170519874
878	1.0	0.0	1.0	-1.0	-1	0.13436218294801267	0.8656378170519874
879	1.0	0.0	1.0	-1.0	-1	0.13436218294801267	0.8656378170519874
880	1.0	0.0	0.0	-1.0	1	0.6906976744186046	0.3093023255813953
881	1.0	0.0	1.0	-1.0	-1	0.13436218294801267	0.8656378170519874
882	0.0	0.0	1.0	-1.0	-1	0.44518291217104794	0.554817087828952
883	0.0	0.0	1.0	-1.0	-1	0.44518291217104794	0.554817087828952
884	1.0	0.0	1.0	-1.0	-1	0.13436218294801267	0.8656378170519874
885	1.0	0.0	1.0	-1.0	-1	0.13436218294801267	0.8656378170519874
886	1.0	0.0	0.0	-1.0	1	0.6906976744186046	0.3093023255813953
887	1.0	0.0	1.0	-1.0	-1	0.13436218294801267	0.8656378170519874
888	0.0	0.0	1.0	-1.0	-1	0.44518291217104794	0.554817087828952
889	1.0	0.0	1.0	1.0	-1	0.13436218294801267	0.8656378170519874
890	1.0	0.0	0.0	-1.0	1	0.6906976744186046	0.3093023255813953
891	0.0	0.0	1.0	-1.0	-1	0.44518291217104794	0.554817087828952
892	1.0	0.0	1.0	-1.0	-1	0.13436218294801267	0.8656378170519874
893	1.0	0.0	1.0	-1.0	-1	0.13436218294801267	0.8656378170519874
894	1.0	0.0	1.0	-1.0	-1	0.13436218294801267	0.8656378170519874
895	1.0	1.0	1.0	-1.0	-1	0.23472614726786706	0.765273852732133
896	1.0	0.0	0.0	1.0	1	0.6906976744186046	0.3093023255813953
897	1.0	0.0	1.0	-1.0	-1	0.13436218294801267	0.8656378170519874
898	1.0	0.0	1.0	-1.0	-1	0.13436218294801267	0.8656378170519874
899	1.0	0.0	1.0	-1.0	-1	0.13436218294801267	0.8656378170519874
900	1.0	0.0	1.0	-1.0	-1	0.13436218294801267	0.8656378170519874
901	0.0	0.0	1.0	1.0	-1	0.44518291217104794	0.554817087828952
902	1.0	0.0	1.0	-1.0	-1	0.13436218294801267	0.8656378170519874
903	0.0	0.0	0.0	1.0	1	0.9202799902470741	0.0797200097529259
904	0.0	0.0	0.0	1.0	1	0.9202799902470741	0.0797200097529259
905	1.0	0.0	1.0	-1.0	-1	0.13436218294801267	0.8656378170519874
906	0.0	0.0	1.0	-1.0	-1	0.44518291217104794	0.554817087828952
907	0.0	0.0	0.0	1.0	1	0.9202799902470741	0.0797200097529259
908	1.0	0.0	1.0	-1.0	-1	0.13436218294801267	0.8656378170519874
909	0.0	0.0	1.0	1.0	-1	0.44518291217104794	0.554817087828952
910	0.0	0.0	1.0	-1.0	-1	0.44518291217104794	0.554817087828952
911	1.0	0.0	1.0	-1.0	-1	0.13436218294801267	0.8656378170519874
912	1.0	0.0	1.0	-1.0	-1	0.13436218294801267	0.8656378170519874
913	1.0	0.0	1.0	1.0	-1	0.13436218294801267	0.8656378170519874
914	1.0	0.0	1.0	-1.0	-1	0.13436218294801267	0.8656378170519874
915	1.0	0.0	1.0	-1.0	-1	0.13436218294801267	0.8656378170519874
916	0.0	0.0	0.0	1.0	1	0.9202799902470741	0.0797200097529259
917	0.0	0.0	0.0	1.0	1	0.9202799902470741	0.0797200097529259
918	1.0	0.0	1.0	-1.0	-1	0.13436218294801267	0.8656378170519874
919	1.0	0.0	0.0	-1.0	1	0.6906976744186046	0.3093023255813953
920	0.0	0.0	0.0	1.0	1	0.9202799902470741	0.0797200097529259
921	1.0	0.0	1.0	-1.0	-1	0.13436218294801267	0.8656378170519874
922	1.0	0.0	1.0	-1.0	-1	0.13436218294801267	0.8656378170519874
923	1.0	0.0	1.0	-1.0	-1	0.13436218294801267	0.8656378170519874
924	0.0	0.0	0.0	1.0	1	0.9202799902470741	0.0797200097529259
925	0.0	0.0	1.0	-1.0	-1	0.44518291217104794	0.554817087828952
926	1.0	0.0	0.0	-1.0	1	0.6906976744186046	0.3093023255813953
927	0.0	0.0	1.0	-1.0	-1	0.44518291217104794	0.554817087828952
928	1.0	0.0	1.0	1.0	-1	0.13436218294801267	0.8656378170519874
929	1.0	0.0	1.0	-1.0	-1	0.13436218294801267	0.8656378170519874
930	0.0	0.0	0.0	1.0	1	0.9202799902470741	0.0797200097529259
931	0.0	0.0	1.0	-1.0	-1	0.44518291217104794	0.554817087828952
932	1.0	0.0	1.0	1.0	-1	0.13436218294801267	0.8656378170519874
933	1.0	0.0	1.0	-1.0	-1	0.13436218294801267	0.8656378170519874
934	1.0	0.0	1.0	-1.0	-1	0.13436218294801267	0.8656378170519874
935	1.0	0.0	1.0	-1.0	-1	0.13436218294801267	0.8656378170519874
936	1.0	0.0	1.0	1.0	-1	0.13436218294801267	0.8656378170519874
937	0.0	0.0	1.0	1.0	-1	0.44518291217104794	0.554817087828952
938	0.0	0.0	1.0	-1.0	-1	0.44518291217104794	0.554817087828952
939	0.0	0.0	1.0	-1.0	-1	0.44518291217104794	0.554817087828952
940	1.0	0.0	1.0	-1.0	-1	0.13436218294801267	0.8656378170519874
941	1.0	0.0	1.0	-1.0	-1	0.13436218294801267	0.8656378170519874
942	0.0	0.0	0.0	1.0	1	0.9202799902470741	0.0797200097529259
943	0.0	0.0	1.0	-1.0	-1	0.44518291217104794	0.554817087828952
944	1.0	0.0	1.0	-1.0	-1	0.13436218294801267	0.8656378170519874
945	1.0	0.0	1.0	1.0	-1	0.13436218294801267	0.8656378170519874
946	1.0	0.0	1.0	-1.0	-1	0.13436218294801267	0.8656378170519874
947	1.0	0.0	1.0	-1.0	-1	0.13436218294801267	0.8656378170519874
948	0.0	0.0	0.0	1.0	1	0.9202799902470741	0.0797200097529259
949	1.0	0.0	0.0	1.0	1	0.6906976744186046	0.3093023255813953
950	1.0	0.0	1.0	-1.0	-1	0.13436218294801267	0.8656378170519874
951	1.0	0.0	1.0	-1.0	-1	0.13436218294801267	0.8656378170519874
952	0.0	0.0	1.0	-1.0	-1	0.44518291217104794	0.554817087828952
953	1.0	0.0	1.0	-1.0	-1	0.13436218294801267	0.8656378170519874
954	1.0	1.0	1.0	-1.0	-1	0.23472614726786706	0.765273852732133
955	1.0	1.0	0.0	1.0	1	0.8152507676560901	0.1847492323439099
956	1.0	0.0	0.0	1.0	1	0.6906976744186046	0.3093023255813953
957	0.0	0.0	0.0	1.0	1	0.9202799902470741	0.0797200097529259
958	0.0	0.0	0.0	1.0	1	0.9202799902470741	0.0797200097529259
959	1.0	0.0	1.0	1.0	-1	0.13436218294801267	0.8656378170519874
960	1.0	0.0	1.0	-1.0	-1	0.13436218294801267	0.8656378170519874
961	0.0	0.0	0.0	1.0	1	0.9202799902470741	0.0797200097529259
962	1.0	0.0	1.0	-1.0	-1	0.13436218294801267	0.8656378170519874
963	1.0	0.0	0.0	-1.0	1	0.6906976744186046	0.3093023255813953
964	1.0	0.0	1.0	-1.0	-1	0.13436218294801267	0.8656378170519874
965	1.0	0.0	1.0	-1.0	-1	0.13436218294801267	0.8656378170519874
966	1.0	0.0	1.0	-1.0	-1	0.13436218294801267	0.8656378170519874
967	1.0	0.0	1.0	-1.0	-1	0.13436218294801267	0.8656378170519874
968	1.0	0.0	1.0	-1.0	-1	0.13436218294801267	0.8656378170519874
969	1.0	0.0	1.0	1.0	-1	0.13436218294801267	0.8656378170519874
970	0.0	0.0	0.0	1.0	1	0.9202799902470741	0.0797200097529259
971	1.0	0.0	1.0	1.0	-1	0.13436218294801267	0.8656378170519874
972	1.0	1.0	0.0	1.0	1	0.8152507676560901	0.1847492323439099
973	1.0	0.0	1.0	-1.0	-1	0.13436218294801267	0.8656378170519874
974	0.0	0.0	1.0	-1.0	-1	0.44518291217104794	0.554817087828952
975	1.0	0.0	0.0	-1.0	1	0.6906976744186046	0.3093023255813953
976	0.0	0.0	1.0	-1.0	-1	0.44518291217104794	0.554817087828952
977	0.0	0.0	1.0	1.0	-1	0.44518291217104794	0.554817087828952
978	1.0	0.0	1.0	-1.0	-1	0.13436218294801267	0.8656378170519874
979	1.0	0.0	1.0	-1.0	-1	0.13436218294801267	0.8656378170519874
980	1.0	0.0	1.0	-1.0	-1	0.13436218294801267	0.8656378170519874
981	0.0	0.0	1.0	-1.0	-1	0.44518291217104794	0.554817087828952
982	1.0	0.0	1.0	-1.0	-1	0.13436218294801267	0.8656378170519874
983	1.0	0.0	1.0	-1.0	-1	0.13436218294801267	0.8656378170519874
984	1.0	0.0	1.0	-1.0	-1	0.13436218294801267	0.8656378170519874
985	1.0	0.0	0.0	1.0	1	0.6906976744186046	0.3093023255813953
986	1.0	0.0	0.0	1.0	1	0.6906976744186046	0.3093023255813953
987	1.0	0.0	0.0	-1.0	1	0.6906976744186046	0.3093023255813953
988	1.0	0.0	1.0	1.0	-1	0.13436218294801267	0.8656378170519874
989	0.0	0.0	0.0	1.0	1	0.9202799902470741	0.0797200097529259
990	1.0	0.0	1.0	1.0	-1	0.13436218294801267	0.8656378170519874
991	1.0	0.0	1.0	-1.0	-1	0.13436218294801267	0.8656378170519874
992	1.0	0.0	1.0	1.0	-1	0.13436218294801267	0.8656378170519874
993	1.0	0.0	1.0	-1.0	-1	0.13436218294801267	0.8656378170519874
994	0.0	0.0	0.0	1.0	1	0.9202799902470741	0.0797200097529259
995	0.0	0.0	0.0	1.0	1	0.9202799902470741	0.0797200097529259
996	0.0	0.0	1.0	-1.0	-1	0.44518291217104794	0.554817087828952
997	1.0	0.0	0.0	1.0	1	0.6906976744186046	0.3093023255813953
998	1.0	0.0	1.0	1.0	-1	0.13436218294801267	0.8656378170519874
999	1.0	0.0	1.0	-1.0	-1	0.13436218294801267	0.8656378170519874
1000	0.0	0.0	1.0	1.0	-1	0.44518291217104794	0.554817087828952
1001	1.0	0.0	0.0	-1.0	1	0.6906976744186046	0.3093023255813953
1002	1.0	0.0	1.0	-1.0	-1	0.13436218294801267	0.8656378170519874
1003	1.0	0.0	0.0	1.0	1	0.6906976744186046	0.3093023255813953
1004	1.0	0.0	1.0	-1.0	-1	0.13436218294801267	0.8656378170519874
1005	1.0	0.0	1.0	-1.0	-1	0.13436218294801267	0.8656378170519874
1006	1.0	0.0	0.0	1.0	1	0.6906976744186046	0.3093023255813953
1007	1.0	0.0	1.0	-1.0	-1	0.13436218294801267	0.8656378170519874
1008	1.0	0.0	1.0	-1.0	-1	0.13436218294801267	0.8656378170519874
1009	1.0	0.0	1.0	-1.0	-1	0.13436218294801267	0.8656378170519874
1010	1.0	1.0	0.0	-1.0	1	0.8152507676560901	0.1847492323439099
1011	0.0	0.0	0.0	1.0	1	0.9202799902470741	0.0797200097529259
1012	1.0	0.0	1.0	1.0	-1	0.13436218294801267	0.8656378170519874
1013	1.0	0.0	1.0	-1.0	-1	0.13436218294801267	0.8656378170519874
1014	1.0	0.0	0.0	1.0	1	0.6906976744186046	0.3093023255813953
1015	0.0	0.0	0.0	1.0	1	0.9202799902470741	0.0797200097529259
1016	1.0	0.0	1.0	-1.0	-1	0.13436218294801267	0.8656378170519874
1017	1.0	0.0	1.0	1.0	-1	0.13436218294801267	0.8656378170519874
1018	0.0	0.0	1.0	-1.0	-1	0.44518291217104794	0.554817087828952
1019	0.0	0.0	1.0	-1.0	-1	0.44518291217104794	0.554817087828952
1020	1.0	0.0	1.0	-1.0	-1	0.13436218294801267	0.8656378170519874
1021	1.0	0.0	1.0	-1.0	-1	0.13436218294801267	0.8656378170519874
1022	1.0	0.0	1.0	-1.0	-1	0.13436218294801267	0.8656378170519874
1023	1.0	0.0	1.0	-1.0	-1	0.13436218294801267	0.8656378170519874
1024	0.0	0.0	1.0	-1.0	-1	0.44518291217104794	0.554817087828952
1025	1.0	1.0	1.0	-1.0	-1	0.23472614726786706	0.765273852732133
1026	1.0	0.0	1.0	-1.0	-1	0.13436218294801267	0.8656378170519874
1027	1.0	0.0	1.0	-1.0	-1	0.13436218294801267	0.8656378170519874
1028	1.0	0.0	0.0	-1.0	1	0.6906976744186046	0.3093023255813953
1029	1.0	0.0	1.0	-1.0	-1	0.13436218294801267	0.8656378170519874
1030	1.0	0.0	1.0	1.0	-1	0.13436218294801267	0.8656378170519874
1031	1.0	0.0	1.0	1.0	-1	0.13436218294801267	0.8656378170519874
1032	1.0	0.0	1.0	-1.0	-1	0.13436218294801267	0.8656378170519874
1033	1.0	0.0	1.0	-1.0	-1	0.13436218294801267	0.8656378170519874
1034	0.0	0.0	1.0	-1.0	-1	0.44518291217104794	0.554817087828952
1035	1.0	0.0	0.0	-1.0	1	0.6906976744186046	0.3093023255813953
1036	0.0	0.0	1.0	-1.0	-1	0.44518291217104794	0.554817087828952
1037	1.0	0.0	1.0	-1.0	-1	0.13436218294801267	0.8656378170519874
1038	0.0	0.0	1.0	-1.0	-1	0.44518291217104794	0.554817087828952
1039	0.0	0.0	1.0	-1.0	-1	0.44518291217104794	0.554817087828952
1040	1.0	0.0	1.0	-1.0	-1	0.13436218294801267	0.8656378170519874
1041	1.0	0.0	1.0	-1.0	-1	0.13436218294801267	0.8656378170519874
1042	1.0	0.0	0.0	1.0	1	0.6906976744186046	0.3093023255813953
1043	1.0	0.0	0.0	-1.0	1	0.6906976744186046	0.3093023255813953
1044	1.0	0.0	1.0	-1.0	-1	0.13436218294801267	0.8656378170519874
1045	1.0	0.0	1.0	-1.0	-1	0.13436218294801267	0.8656378170519874
1046	0.0	0.0	1.0	-1.0	-1	0.44518291217104794	0.554817087828952
1047	1.0	0.0	1.0	-1.0	-1	0.13436218294801267	0.8656378170519874
1048	1.0	0.0	1.0	-1.0	-1	0.13436218294801267	0.8656378170519874
1049	1.0	0.0	1.0	1.0	-1	0.13436218294801267	0.8656378170519874
1050	1.0	0.0	0.0	-1.0	1	0.6906976744186046	0.3093023255813953
1051	1.0	0.0	1.0	1.0	-1	0.13436218294801267	0.8656378170519874
1052	0.0	0.0	0.0	1.0	1	0.9202799902470741	0.0797200097529259
1053	0.0	0.0	1.0	-1.0	-1	0.44518291217104794	0.554817087828952
1054	1.0	0.0	1.0	-1.0	-1	0.13436218294801267	0.8656378170519874
1055	1.0	0.0	1.0	1.0	-1	0.13436218294801267	0.8656378170519874
1056	1.0	0.0	1.0	-1.0	-1	0.13436218294801267	0.8656378170519874
1057	1.0	1.0	1.0	-1.0	-1	0.23472614726786706	0.765273852732133
1058	1.0	0.0	1.0	-1.0	-1	0.13436218294801267	0.8656378170519874
1059	0.0	0.0	1.0	-1.0	-1	0.44518291217104794	0.554817087828952
1060	1.0	0.0	1.0	-1.0	-1	0.13436218294801267	0.8656378170519874
1061	1.0	0.0	1.0	-1.0	-1	0.13436218294801267	0.8656378170519874
1062	1.0	0.0	1.0	-1.0	-1	0.13436218294801267	0.8656378170519874
1063	0.0	0.0	1.0	-1.0	-1	0.44518291217104794	0.554817087828952
1064	0.0	0.0	1.0	-1.0	-1	0.44518291217104794	0.554817087828952
1065	1.0	0.0	0.0	-1.0	1	0.6906976744186046	0.3093023255813953
1066	0.0	1.0	0.0	1.0	1	0.9580037226617031	0.04199627733829688
1067	1.0	0.0	1.0	-1.0	-1	0.13436218294801267	0.8656378170519874
1068	1.0	0.0	1.0	-1.0	-1	0.13436218294801267	0.8656378170519874
1069	1.0	0.0	0.0	-1.0	1	0.6906976744186046	0.3093023255813953
1070	1.0	0.0	1.0	-1.0	-1	0.13436218294801267	0.8656378170519874
1071	1.0	0.0	1.0	-1.0	-1	0.13436218294801267	0.8656378170519874
1072	1.0	0.0	1.0	1.0	-1	0.13436218294801267	0.8656378170519874
1073	0.0	0.0	0.0	1.0	1	0.9202799902470741	0.0797200097529259
1074	1.0	0.0	1.0	-1.0	-1	0.13436218294801267	0.8656378170519874
1075	1.0	0.0	1.0	1.0	-1	0.13436218294801267	0.8656378170519874
1076	1.0	0.0	1.0	-1.0	-1	0.13436218294801267	0.8656378170519874
1077	0.0	0.0	1.0	-1.0	-1	0.44518291217104794	0.554817087828952
1078	1.0	0.0	1.0	1.0	-1	0.13436218294801267	0.8656378170519874
1079	1.0	0.0	1.0	-1.0	-1	0.13436218294801267	0.8656378170519874
1080	1.0	0.0	1.0	1.0	-1	0.13436218294801267	0.8656378170519874
1081	1.0	0.0	1.0	-1.0	-1	0.13436218294801267	0.8656378170519874
1082	0.0	0.0	1.0	-1.0	-1	0.44518291217104794	0.554817087828952
1083	0.0	0.0	1.0	-1.0	-1	0.44518291217104794	0.554817087828952
1084	1.0	0.0	1.0	-1.0	-1	0.13436218294801267	0.8656378170519874
1085	1.0	0.0	1.0	-1.0	-1	0.13436218294801267	0.8656378170519874
1086	1.0	0.0	1.0	1.0	-1	0.13436218294801267	0.8656378170519874
1087	1.0	0.0	1.0	-1.0	-1	0.13436218294801267	0.8656378170519874
1088	1.0	0.0	1.0	1.0	-1	0.13436218294801267	0.8656378170519874
1089	1.0	0.0	1.0	1.0	-1	0.13436218294801267	0.8656378170519874
1090	1.0	0.0	1.0	-1.0	-1	0.13436218294801267	0.8656378170519874
1091	1.0	0.0	1.0	-1.0	-1	0.13436218294801267	0.8656378170519874
1092	0.0	0.0	1.0	-1.0	-1	0.44518291217104794	0.554817087828952
1093	0.0	0.0	1.0	-1.0	-1	0.44518291217104794	0.554817087828952
1094	1.0	0.0	1.0	-1.0	-1	0.13436218294801267	0.8656378170519874
1095	1.0	0.0	1.0	-1.0	-1	0.13436218294801267	0.8656378170519874
1096	0.0	1.0	0.0	1.0	1	0.9580037226617031	0.04199627733829688
1097	1.0	0.0	1.0	-1.0	-1	0.13436218294801267	0.8656378170519874
1098	1.0	0.0	1.0	-1.0	-1	0.13436218294801267	0.8656378170519874
1099	1.0	1.0	1.0	-1.0	-1	0.23472614726786706	0.765273852732133
1100	1.0	0.0	1.0	1.0	-1	0.13436218294801267	0.8656378170519874
1101	0.0	0.0	0.0	1.0	1	0.9202799902470741	0.0797200097529259
1102	1.0	0.0	1.0	1.0	-1	0.13436218294801267	0.8656378170519874
1103	0.0	0.0	0.0	-1.0	1	0.9202799902470741	0.0797200097529259
1104	1.0	0.0	1.0	-1.0	-1	0.13436218294801267	0.8656378170519874
1105	1.0	0.0	1.0	-1.0	-1	0.13436218294801267	0.8656378170519874
1106	1.0	1.0	1.0	1.0	-1	0.23472614726786706	0.765273852732133
1107	1.0	0.0	1.0	-1.0	-1	0.13436218294801267	0.8656378170519874
1108	1.0	0.0	1.0	-1.0	-1	0.13436218294801267	0.8656378170519874
1109	1.0	0.0	0.0	-1.0	1	0.6906976744186046	0.3093023255813953
1110	0.0	0.0	1.0	-1.0	-1	0.44518291217104794	0.554817087828952
1111	0.0	0.0	1.0	-1.0	-1	0.44518291217104794	0.554817087828952
1112	0.0	0.0	0.0	1.0	1	0.9202799902470741	0.0797200097529259
1113	1.0	0.0	1.0	-1.0	-1	0.13436218294801267	0.8656378170519874
1114	0.0	0.0	0.0	1.0	1	0.9202799902470741	0.0797200097529259
1115	1.0	0.0	1.0	-1.0	-1	0.13436218294801267	0.8656378170519874
1116	0.0	0.0	0.0	1.0	1	0.9202799902470741	0.0797200097529259
1117	0.0	0.0	1.0	-1.0	-1	0.44518291217104794	0.554817087828952
1118	1.0	0.0	1.0	-1.0	-1	0.13436218294801267	0.8656378170519874
1119	1.0	0.0	1.0	-1.0	-1	0.13436218294801267	0.8656378170519874
1120	0.0	0.0	0.0	1.0	1	0.9202799902470741	0.0797200097529259
1121	1.0	0.0	1.0	-1.0	-1	0.13436218294801267	0.8656378170519874
1122	1.0	0.0	1.0	-1.0	-1	0.13436218294801267	0.8656378170519874
1123	0.0	0.0	1.0	1.0	-1	0.44518291217104794	0.554817087828952
1124	0.0	0.0	0.0	1.0	1	0.9202799902470741	0.0797200097529259
1125	1.0	0.0	1.0	1.0	-1	0.13436218294801267	0.8656378170519874
1126	1.0	0.0	1.0	-1.0	-1	0.13436218294801267	0.8656378170519874
1127	0.0	0.0	0.0	1.0	1	0.9202799902470741	0.0797200097529259
1128	1.0	0.0	1.0	-1.0	-1	0.13436218294801267	0.8656378170519874
1129	1.0	0.0	1.0	-1.0	-1	0.13436218294801267	0.8656378170519874
1130	1.0	0.0	1.0	-1.0	-1	0.13436218294801267	0.8656378170519874
1131	0.0	0.0	0.0	1.0	1	0.9202799902470741	0.0797200097529259
1132	1.0	0.0	1.0	-1.0	-1	0.13436218294801267	0.8656378170519874
1133	1.0	0.0	1.0	-1.0	-1	0.13436218294801267	0.8656378170519874
1134	1.0	0.0	1.0	1.0	-1	0.13436218294801267	0.8656378170519874
1135	1.0	1.0	1.0	-1.0	-1	0.23472614726786706	0.765273852732133
1136	1.0	0.0	1.0	-1.0	-1	0.13436218294801267	0.8656378170519874
1137	0.0	1.0	0.0	1.0	1	0.9580037226617031	0.04199627733829688
1138	1.0	0.0	1.0	1.0	-1	0.13436218294801267	0.8656378170519874
1139	0.0	0.0	1.0	-1.0	-1	0.44518291217104794	0.554817087828952
1140	1.0	0.0	1.0	1.0	-1	0.13436218294801267	0.8656378170519874
1141	0.0	0.0	1.0	-1.0	-1	0.44518291217104794	0.554817087828952
1142	1.0	0.0	1.0	-1.0	-1	0.13436218294801267	0.8656378170519874
1143	1.0	0.0	1.0	-1.0	-1	0.13436218294801267	0.8656378170519874
1144	1.0	0.0	1.0	-1.0	-1	0.13436218294801267	0.8656378170519874
1145	1.0	0.0	1.0	-1.0	-1	0.13436218294801267	0.8656378170519874
1146	1.0	0.0	1.0	1.0	-1	0.13436218294801267	0.8656378170519874
1147	1.0	0.0	1.0	-1.0	-1	0.13436218294801267	0.8656378170519874
1148	1.0	0.0	1.0	-1.0	-1	0.13436218294801267	0.8656378170519874
1149	0.0	0.0	0.0	1.0	1	0.9202799902470741	0.0797200097529259
1150	1.0	0.0	1.0	-1.0	-1	0.13436218294801267	0.8656378170519874
1151	1.0	0.0	1.0	-1.0	-1	0.13436218294801267	0.8656378170519874
1152	0.0	0.0	0.0	1.0	1	0.9202799902470741	0.0797200097529259
1153	1.0	0.0	1.0	-1.0	-1	0.13436218294801267	0.8656378170519874
1154	1.0	0.0	1.0	-1.0	-1	0.13436218294801267	0.8656378170519874
1155	1.0	0.0	1.0	-1.0	-1	0.13436218294801267	0.8656378170519874
1156	1.0	0.0	1.0	-1.0	-1	0.13436218294801267	0.8656378170519874
1157	1.0	0.0	1.0	1.0	-1	0.13436218294801267	0.8656378170519874
1158	1.0	0.0	1.0	-1.0	-1	0.13436218294801267	0.8656378170519874
1159	1.0	1.0	0.0	-1.0	1	0.8152507676560901	0.1847492323439099
1160	0.0	0.0	1.0	-1.0	-1	0.44518291217104794	0.554817087828952
1161	0.0	0.0	1.0	-1.0	-1	0.44518291217104794	0.554817087828952
1162	1.0	0.0	0.0	1.0	1	0.6906976744186046	0.3093023255813953
1163	1.0	0.0	1.0	-1.0	-1	0.13436218294801267	0.8656378170519874
1164	1.0	0.0	1.0	-1.0	-1	0.13436218294801267	0.8656378170519874
1165	1.0	0.0	1.0	-1.0	-1	0.13436218294801267	0.8656378170519874
1166	0.0	0.0	1.0	1.0	-1	0.44518291217104794	0.554817087828952
1167	0.0	0.0	0.0	1.0	1	0.9202799902470741	0.0797200097529259
1168	0.0	0.0	1.0	-1.0	-1	0.44518291217104794	0.554817087828952
1169	0.0	0.0	1.0	-1.0	-1	0.44518291217104794	0.554817087828952
1170	1.0	0.0	1.0	-1.0	-1	0.13436218294801267	0.8656378170519874
1171	0.0	0.0	1.0	1.0	-1	0.44518291217104794	0.554817087828952
1172	1.0	0.0	1.0	-1.0	-1	0.13436218294801267	0.8656378170519874
1173	1.0	0.0	1.0	-1.0	-1	0.13436218294801267	0.8656378170519874
1174	1.0	0.0	1.0	-1.0	-1	0.13436218294801267	0.8656378170519874
1175	1.0	0.0	1.0	-1.0	-1	0.13436218294801267	0.8656378170519874
1176	0.0	0.0	1.0	-1.0	-1	0.44518291217104794	0.554817087828952
1177	1.0	0.0	1.0	-1.0	-1	0.13436218294801267	0.8656378170519874
1178	1.0	0.0	1.0	-1.0	-1	0.13436218294801267	0.8656378170519874
1179	1.0	0.0	0.0	-1.0	1	0.6906976744186046	0.3093023255813953
1180	0.0	0.0	1.0	-1.0	-1	0.44518291217104794	0.554817087828952
1181	1.0	0.0	1.0	-1.0	-1	0.13436218294801267	0.8656378170519874
1182	0.0	0.0	0.0	1.0	1	0.9202799902470741	0.0797200097529259
1183	0.0	0.0	1.0	-1.0	-1	0.44518291217104794	0.554817087828952
1184	1.0	0.0	0.0	1.0	1	0.6906976744186046	0.3093023255813953
1185	0.0	0.0	1.0	1.0	-1	0.44518291217104794	0.554817087828952
1186	1.0	0.0	1.0	-1.0	-1	0.13436218294801267	0.8656378170519874
1187	1.0	0.0	1.0	1.0	-1	0.13436218294801267	0.8656378170519874
1188	1.0	0.0	1.0	1.0	-1	0.13436218294801267	0.8656378170519874
1189	1.0	0.0	1.0	-1.0	-1	0.13436218294801267	0.8656378170519874
1190	0.0	1.0	1.0	1.0	1	0.6132419112920505	0.38675808870794953
1191	0.0	0.0	1.0	-1.0	-1	0.44518291217104794	0.554817087828952
1192	1.0	0.0	1.0	-1.0	-1	0.13436218294801267	0.8656378170519874
1193	0.0	0.0	1.0	-1.0	-1	0.44518291217104794	0.554817087828952
1194	1.0	0.0	0.0	-1.0	1	0.6906976744186046	0.3093023255813953
1195	0.0	0.0	1.0	1.0	-1	0.44518291217104794	0.554817087828952
1196	1.0	0.0	1.0	-1.0	-1	0.13436218294801267	0.8656378170519874
1197	1.0	0.0	1.0	-1.0	-1	0.13436218294801267	0.8656378170519874
1198	0.0	0.0	1.0	-1.0	-1	0.44518291217104794	0.554817087828952
1199	0.0	0.0	0.0	1.0	1	0.9202799902470741	0.0797200097529259
1200	1.0	0.0	1.0	-1.0	-1	0.13436218294801267	0.8656378170519874
1201	1.0	0.0	1.0	-1.0	-1	0.13436218294801267	0.8656378170519874
1202	1.0	0.0	1.0	1.0	-1	0.13436218294801267	0.8656378170519874
1203	1.0	0.0	1.0	-1.0	-1	0.13436218294801267	0.8656378170519874
1204	0.0	0.0	0.0	1.0	1	0.9202799902470741	0.0797200097529259
1205	1.0	0.0	1.0	-1.0	-1	0.13436218294801267	0.8656378170519874
1206	1.0	0.0	0.0	1.0	1	0.6906976744186046	0.3093023255813953
1207	1.0	0.0	1.0	-1.0	-1	0.13436218294801267	0.8656378170519874
1208	1.0	0.0	0.0	1.0	1	0.6906976744186046	0.3093023255813953
1209	1.0	0.0	1.0	-1.0	-1	0.13436218294801267	0.8656378170519874
1210	1.0	0.0	0.0	1.0	1	0.6906976744186046	0.3093023255813953
1211	1.0	0.0	1.0	-1.0	-1	0.13436218294801267	0.8656378170519874
1212	1.0	0.0	1.0	-1.0	-1	0.13436218294801267	0.8656378170519874
1213	1.0	0.0	0.0	1.0	1	0.6906976744186046	0.3093023255813953
1214	1.0	0.0	1.0	1.0	-1	0.13436218294801267	0.8656378170519874
1215	1.0	0.0	1.0	-1.0	-1	0.13436218294801267	0.8656378170519874
1216	0.0	0.0	1.0	-1.0	-1	0.44518291217104794	0.554817087828952
1217	1.0	0.0	0.0	1.0	1	0.6906976744186046	0.3093023255813953
1218	0.0	0.0	1.0	1.0	-1	0.44518291217104794	0.554817087828952
1219	1.0	0.0	1.0	-1.0	-1	0.13436218294801267	0.8656378170519874
1220	1.0	0.0	1.0	1.0	-1	0.13436218294801267	0.8656378170519874
1221	1.0	0.0	1.0	1.0	-1	0.13436218294801267	0.8656378170519874
1222	0.0	0.0	0.0	1.0	1	0.9202799902470741	0.0797200097529259
1223	1.0	0.0	1.0	-1.0	-1	0.13436218294801267	0.8656378170519874
1224	1.0	0.0	1.0	-1.0	-1	0.13436218294801267	0.8656378170519874
1225	0.0	0.0	0.0	1.0	1	0.9202799902470741	0.0797200097529259
1226	1.0	0.0	1.0	-1.0	-1	0.13436218294801267	0.8656378170519874
1227	0.0	0.0	1.0	-1.0	-1	0.44518291217104794	0.554817087828952
1228	0.0	0.0	1.0	-1.0	-1	0.44518291217104794	0.554817087828952
1229	1.0	0.0	1.0	-1.0	-1	0.13436218294801267	0.8656378170519874
1230	1.0	0.0	1.0	-1.0	-1	0.13436218294801267	0.8656378170519874
1231	1.0	0.0	1.0	-1.0	-1	0.13436218294801267	0.8656378170519874
1232	1.0	0.0	0.0	1.0	1	0.6906976744186046	0.3093023255813953
1233	1.0	0.0	1.0	1.0	-1	0.13436218294801267	0.8656378170519874
1234	0.0	0.0	1.0	-1.0	-1	0.44518291217104794	0.554817087828952
1235	1.0	0.0	1.0	-1.0	-1	0.13436218294801267	0.8656378170519874
1236	1.0	0.0	0.0	1.0	1	0.6906976744186046	0.3093023255813953
1237	1.0	0.0	1.0	1.0	-1	0.13436218294801267	0.8656378170519874
1238	0.0	0.0	0.0	-1.0	1	0.9202799902470741	0.0797200097529259
1239	1.0	0.0	0.0	1.0	1	0.6906976744186046	0.3093023255813953
1240	1.0	0.0	0.0	1.0	1	0.6906976744186046	0.3093023255813953
1241	0.0	0.0	0.0	1.0	1	0.9202799902470741	0.0797200097529259
1242	0.0	0.0	1.0	1.0	-1	0.44518291217104794	0.554817087828952
1243	1.0	0.0	1.0	1.0	-1	0.13436218294801267	0.8656378170519874
1244	1.0	0.0	1.0	1.0	-1	0.13436218294801267	0.8656378170519874
1245	0.0	0.0	0.0	1.0	1	0.9202799902470741	0.0797200097529259
1246	1.0	0.0	1.0	-1.0	-1	0.13436218294801267	0.8656378170519874
1247	1.0	0.0	1.0	-1.0	-1	0.13436218294801267	0.8656378170519874
1248	1.0	0.0	1.0	-1.0	-1	0.13436218294801267	0.8656378170519874
1249	1.0	0.0	1.0	-1.0	-1	0.13436218294801267	0.8656378170519874
1250	0.0	0.0	1.0	-1.0	-1	0.44518291217104794	0.554817087828952
1251	1.0	0.0	1.0	-1.0	-1	0.13436218294801267	0.8656378170519874
1252	1.0	0.0	1.0	-1.0	-1	0.13436218294801267	0.8656378170519874
1253	0.0	0.0	0.0	1.0	1	0.9202799902470741	0.0797200097529259
1254	0.0	0.0	1.0	-1.0	-1	0.44518291217104794	0.554817087828952
1255	1.0	0.0	1.0	-1.0	-1	0.13436218294801267	0.8656378170519874
1256	1.0	0.0	0.0	1.0	1	0.6906976744186046	0.3093023255813953
1257	0.0	0.0	1.0	-1.0	-1	0.44518291217104794	0.554817087828952
1258	0.0	0.0	1.0	-1.0	-1	0.44518291217104794	0.554817087828952
1259	0.0	0.0	0.0	1.0	1	0.9202799902470741	0.0797200097529259
1260	1.0	0.0	1.0	-1.0	-1	0.13436218294801267	0.8656378170519874
1261	1.0	1.0	1.0	-1.0	-1	0.23472614726786706	0.765273852732133
1262	1.0	0.0	1.0	-1.0	-1	0.13436218294801267	0.8656378170519874
1263	1.0	0.0	1.0	-1.0	-1	0.13436218294801267	0.8656378170519874
1264	1.0	0.0	1.0	-1.0	-1	0.13436218294801267	0.8656378170519874
1265	1.0	0.0	1.0	-1.0	-1	0.13436218294801267	0.8656378170519874
1266	1.0	0.0	1.0	-1.0	-1	0.13436218294801267	0.8656378170519874
1267	1.0	0.0	1.0	-1.0	-1	0.13436218294801267	0.8656378170519874
1268	1.0	0.0	0.0	-1.0	1	0.6906976744186046	0.3093023255813953
1269	1.0	1.0	0.0	-1.0	1	0.8152507676560901	0.1847492323439099
1270	1.0	0.0	0.0	-1.0	1	0.6906976744186046	0.3093023255813953
1271	0.0	0.0	1.0	-1.0	-1	0.44518291217104794	0.554817087828952
1272	1.0	0.0	1.0	-1.0	-1	0.13436218294801267	0.8656378170519874
1273	0.0	0.0	0.0	1.0	1	0.9202799902470741	0.0797200097529259
1274	1.0	0.0	1.0	-1.0	-1	0.13436218294801267	0.8656378170519874
1275	0.0	0.0	1.0	1.0	-1	0.44518291217104794	0.554817087828952
1276	1.0	0.0	1.0	-1.0	-1	0.13436218294801267	0.8656378170519874
1277	1.0	0.0	0.0	-1.0	1	0.6906976744186046	0.3093023255813953
1278	1.0	1.0	0.0	-1.0	1	0.8152507676560901	0.1847492323439099
1279	0.0	0.0	0.0	1.0	1	0.9202799902470741	0.0797200097529259
1280	1.0	0.0	1.0	-1.0	-1	0.13436218294801267	0.8656378170519874
1281	1.0	1.0	0.0	-1.0	1	0.8152507676560901	0.1847492323439099
1282	1.0	0.0	0.0	1.0	1	0.6906976744186046	0.3093023255813953
1283	0.0	0.0	1.0	-1.0	-1	0.44518291217104794	0.554817087828952
1284	1.0	0.0	1.0	1.0	-1	0.13436218294801267	0.8656378170519874
1285	1.0	0.0	1.0	1.0	-1	0.13436218294801267	0.8656378170519874
1286	1.0	0.0	1.0	-1.0	-1	0.13436218294801267	0.8656378170519874
1287	1.0	0.0	1.0	1.0	-1	0.13436218294801267	0.8656378170519874
1288	1.0	0.0	1.0	1.0	-1	0.13436218294801267	0.8656378170519874
1289	1.0	0.0	1.0	-1.0	-1	0.13436218294801267	0.8656378170519874
1290	1.0	0.0	1.0	-1.0	-1	0.13436218294801267	0.8656378170519874
1291	1.0	0.0	0.0	-1.0	1	0.6906976744186046	0.3093023255813953
1292	0.0	1.0	1.0	1.0	1	0.6132419112920505	0.38675808870794953
1293	0.0	0.0	1.0	1.0	-1	0.44518291217104794	0.554817087828952
1294	1.0	1.0	0.0	-1.0	1	0.8152507676560901	0.1847492323439099
1295	1.0	0.0	1.0	-1.0	-1	0.13436218294801267	0.8656378170519874
1296	1.0	1.0	1.0	-1.0	-1	0.23472614726786706	0.765273852732133
1297	1.0	0.0	1.0	1.0	-1	0.13436218294801267	0.8656378170519874
1298	0.0	0.0	1.0	-1.0	-1	0.44518291217104794	0.554817087828952
1299	1.0	0.0	1.0	-1.0	-1	0.13436218294801267	0.8656378170519874
1300	1.0	0.0	0.0	-1.0	1	0.6906976744186046	0.3093023255813953
1301	1.0	0.0	1.0	-1.0	-1	0.13436218294801267	0.8656378170519874
1302	1.0	0.0	1.0	-1.0	-1	0.13436218294801267	0.8656378170519874
1303	1.0	0.0	1.0	-1.0	-1	0.13436218294801267	0.8656378170519874
1304	1.0	0.0	1.0	-1.0	-1	0.13436218294801267	0.8656378170519874
1305	1.0	0.0	1.0	-1.0	-1	0.13436218294801267	0.8656378170519874
1306	1.0	0.0	1.0	-1.0	-1	0.13436218294801267	0.8656378170519874
1307	1.0	0.0	1.0	1.0	-1	0.13436218294801267	0.8656378170519874
1308	1.0	1.0	1.0	1.0	-1	0.23472614726786706	0.765273852732133
1309	1.0	0.0	1.0	-1.0	-1	0.13436218294801267	0.8656378170519874
1310	1.0	0.0	1.0	-1.0	-1	0.13436218294801267	0.8656378170519874
1311	1.0	0.0	1.0	-1.0	-1	0.13436218294801267	0.8656378170519874
1312	1.0	0.0	1.0	-1.0	-1	0.13436218294801267	0.8656378170519874
1313	0.0	0.0	1.0	-1.0	-1	0.44518291217104794	0.554817087828952
1314	1.0	1.0	0.0	-1.0	1	0.8152507676560901	0.1847492323439099
1315	0.0	0.0	0.0	1.0	1	0.9202799902470741	0.0797200097529259
1316	1.0	0.0	0.0	-1.0	1	0.6906976744186046	0.3093023255813953
1317	1.0	0.0	1.0	-1.0	-1	0.13436218294801267	0.8656378170519874
1318	1.0	0.0	1.0	-1.0	-1	0.13436218294801267	0.8656378170519874
1319	1.0	0.0	1.0	-1.0	-1	0.13436218294801267	0.8656378170519874
1320	1.0	0.0	1.0	1.0	-1	0.13436218294801267	0.8656378170519874
1321	1.0	0.0	1.0	-1.0	-1	0.13436218294801267	0.8656378170519874
1322	0.0	0.0	1.0	-1.0	-1	0.44518291217104794	0.554817087828952
1323	0.0	0.0	1.0	-1.0	-1	0.44518291217104794	0.554817087828952
1324	0.0	0.0	1.0	-1.0	-1	0.44518291217104794	0.554817087828952
1325	1.0	1.0	1.0	1.0	-1	0.23472614726786706	0.765273852732133
1326	1.0	0.0	0.0	-1.0	1	0.6906976744186046	0.3093023255813953
1327	0.0	0.0	0.0	1.0	1	0.9202799902470741	0.0797200097529259
1328	1.0	1.0	0.0	1.0	1	0.8152507676560901	0.1847492323439099
1329	1.0	0.0	1.0	-1.0	-1	0.13436218294801267	0.8656378170519874
1330	0.0	0.0	0.0	1.0	1	0.9202799902470741	0.0797200097529259
1331	1.0	0.0	1.0	-1.0	-1	0.13436218294801267	0.8656378170519874
1332	1.0	0.0	0.0	-1.0	1	0.6906976744186046	0.3093023255813953
1333	1.0	0.0	1.0	-1.0	-1	0.13436218294801267	0.8656378170519874
1334	1.0	0.0	1.0	-1.0	-1	0.13436218294801267	0.8656378170519874
1335	0.0	1.0	0.0	1.0	1	0.9580037226617031	0.04199627733829688
1336	1.0	0.0	1.0	-1.0	-1	0.13436218294801267	0.8656378170519874
1337	1.0	0.0	1.0	1.0	-1	0.13436218294801267	0.8656378170519874
1338	0.0	0.0	1.0	-1.0	-1	0.44518291217104794	0.554817087828952
1339	1.0	0.0	1.0	1.0	-1	0.13436218294801267	0.8656378170519874
1340	0.0	0.0	1.0	1.0	-1	0.44518291217104794	0.554817087828952
1341	1.0	0.0	1.0	-1.0	-1	0.13436218294801267	0.8656378170519874
1342	1.0	0.0	1.0	-1.0	-1	0.13436218294801267	0.8656378170519874
1343	1.0	0.0	1.0	-1.0	-1	0.13436218294801267	0.8656378170519874
1344	1.0	0.0	1.0	-1.0	-1	0.13436218294801267	0.8656378170519874
1345	1.0	0.0	1.0	1.0	-1	0.13436218294801267	0.8656378170519874
1346	1.0	0.0	1.0	-1.0	-1	0.13436218294801267	0.8656378170519874
1347	1.0	0.0	1.0	1.0	-1	0.13436218294801267	0.8656378170519874
1348	1.0	1.0	0.0	1.0	1	0.8152507676560901	0.1847492323439099
1349	0.0	0.0	1.0	1.0	-1	0.44518291217104794	0.554817087828952
1350	0.0	0.0	0.0	1.0	1	0.9202799902470741	0.0797200097529259
1351	0.0	0.0	0.0	1.0	1	0.9202799902470741	0.0797200097529259
1352	1.0	0.0	1.0	-1.0	-1	0.13436218294801267	0.8656378170519874
1353	1.0	0.0	1.0	-1.0	-1	0.13436218294801267	0.8656378170519874
1354	0.0	0.0	0.0	1.0	1	0.9202799902470741	0.0797200097529259
1355	0.0	0.0	0.0	1.0	1	0.9202799902470741	0.0797200097529259
1356	1.0	0.0	1.0	-1.0	-1	0.13436218294801267	0.8656378170519874
1357	1.0	1.0	1.0	1.0	-1	0.23472614726786706	0.765273852732133
1358	1.0	0.0	1.0	1.0	-1	0.13436218294801267	0.8656378170519874
1359	1.0	0.0	1.0	-1.0	-1	0.13436218294801267	0.8656378170519874
1360	1.0	0.0	1.0	-1.0	-1	0.13436218294801267	0.8656378170519874
1361	0.0	0.0	0.0	1.0	1	0.9202799902470741	0.0797200097529259
1362	1.0	1.0	1.0	-1.0	-1	0.23472614726786706	0.765273852732133
1363	1.0	0.0	1.0	1.0	-1	0.13436218294801267	0.8656378170519874
1364	1.0	0.0	1.0	-1.0	-1	0.13436218294801267	0.8656378170519874
1365	0.0	0.0	1.0	-1.0	-1	0.44518291217104794	0.554817087828952
1366	1.0	0.0	1.0	-1.0	-1	0.13436218294801267	0.8656378170519874
1367	0.0	0.0	0.0	-1.0	1	0.9202799902470741	0.0797200097529259
1368	1.0	0.0	1.0	1.0	-1	0.13436218294801267	0.8656378170519874
1369	1.0	0.0	1.0	-1.0	-1	0.13436218294801267	0.8656378170519874
1370	0.0	0.0	1.0	-1.0	-1	0.44518291217104794	0.554817087828952
1371	1.0	0.0	1.0	1.0	-1	0.13436218294801267	0.8656378170519874
1372	0.0	0.0	1.0	-1.0	-1	0.44518291217104794	0.554817087828952
1373	0.0	0.0	1.0	-1.0	-1	0.44518291217104794	0.554817087828952
1374	1.0	0.0	1.0	-1.0	-1	0.13436218294801267	0.8656378170519874
1375	1.0	0.0	1.0	-1.0	-1	0.13436218294801267	0.8656378170519874
1376	1.0	0.0	1.0	-1.0	-1	0.13436218294801267	0.8656378170519874
1377	0.0	0.0	1.0	-1.0	-1	0.44518291217104794	0.554817087828952
1378	1.0	0.0	1.0	-1.0	-1	0.13436218294801267	0.8656378170519874
1379	1.0	0.0	0.0	1.0	1	0.6906976744186046	0.3093023255813953
1380	1.0	0.0	1.0	1.0	-1	0.13436218294801267	0.8656378170519874
1381	1.0	0.0	1.0	-1.0	-1	0.13436218294801267	0.8656378170519874
1382	1.0	0.0	1.0	1.0	-1	0.13436218294801267	0.8656378170519874
1383	0.0	0.0	1.0	-1.0	-1	0.44518291217104794	0.554817087828952
1384	1.0	0.0	1.0	1.0	-1	0.13436218294801267	0.8656378170519874
1385	1.0	0.0	1.0	1.0	-1	0.13436218294801267	0.8656378170519874
1386	1.0	0.0	1.0	-1.0	-1	0.13436218294801267	0.8656378170519874
1387	1.0	0.0	1.0	-1.0	-1	0.13436218294801267	0.8656378170519874
1388	1.0	0.0	1.0	1.0	-1	0.13436218294801267	0.8656378170519874
1389	1.0	0.0	0.0	-1.0	1	0.6906976744186046	0.3093023255813953
1390	1.0	0.0	1.0	1.0	-1	0.13436218294801267	0.8656378170519874
1391	1.0	0.0	1.0	-1.0	-1	0.13436218294801267	0.8656378170519874
1392	0.0	0.0	1.0	-1.0	-1	0.44518291217104794	0.554817087828952
1393	0.0	0.0	1.0	-1.0	-1	0.44518291217104794	0.554817087828952
1394	1.0	0.0	1.0	-1.0	-1	0.13436218294801267	0.8656378170519874
1395	1.0	0.0	1.0	1.0	-1	0.13436218294801267	0.8656378170519874
1396	0.0	0.0	1.0	-1.0	-1	0.44518291217104794	0.554817087828952
1397	1.0	0.0	1.0	1.0	-1	0.13436218294801267	0.8656378170519874
1398	1.0	0.0	0.0	-1.0	1	0.6906976744186046	0.3093023255813953
1399	1.0	0.0	1.0	1.0	-1	0.13436218294801267	0.8656378170519874
1400	1.0	0.0	1.0	-1.0	-1	0.13436218294801267	0.8656378170519874
1401	1.0	0.0	1.0	-1.0	-1	0.13436218294801267	0.8656378170519874
1402	1.0	0.0	1.0	-1.0	-1	0.13436218294801267	0.8656378170519874
1403	1.0	0.0	1.0	1.0	-1	0.13436218294801267	0.8656378170519874
1404	0.0	0.0	1.0	-1.0	-1	0.44518291217104794	0.554817087828952
1405	0.0	0.0	1.0	-1.0	-1	0.44518291217104794	0.554817087828952
1406	1.0	0.0	1.0	-1.0	-1	0.13436218294801267	0.8656378170519874
1407	0.0	0.0	1.0	-1.0	-1	0.44518291217104794	0.554817087828952
1408	1.0	0.0	1.0	1.0	-1	0.13436218294801267	0.8656378170519874
1409	0.0	0.0	1.0	-1.0	-1	0.44518291217104794	0.554817087828952
1410	1.0	0.0	1.0	-1.0	-1	0.13436218294801267	0.8656378170519874
1411	1.0	0.0	1.0	-1.0	-1	0.13436218294801267	0.8656378170519874
1412	0.0	0.0	0.0	1.0	1	0.9202799902470741	0.0797200097529259
1413	0.0	0.0	0.0	1.0	1	0.9202799902470741	0.0797200097529259
1414	1.0	0.0	1.0	-1.0	-1	0.13436218294801267	0.8656378170519874
1415	1.0	0.0	1.0	-1.0	-1	0.13436218294801267	0.8656378170519874
1416	1.0	0.0	1.0	-1.0	-1	0.13436218294801267	0.8656378170519874
1417	0.0	0.0	1.0	1.0	-1	0.44518291217104794	0.554817087828952
1418	1.0	0.0	1.0	1.0	-1	0.13436218294801267	0.8656378170519874
1419	1.0	0.0	1.0	-1.0	-1	0.13436218294801267	0.8656378170519874
1420	1.0	0.0	1.0	-1.0	-1	0.13436218294801267	0.8656378170519874
1421	0.0	0.0	0.0	1.0	1	0.9202799902470741	0.0797200097529259
1422	1.0	0.0	1.0	-1.0	-1	0.13436218294801267	0.8656378170519874
1423	1.0	0.0	1.0	-1.0	-1	0.13436218294801267	0.8656378170519874
1424	0.0	0.0	1.0	-1.0	-1	0.44518291217104794	0.554817087828952
1425	1.0	0.0	0.0	-1.0	1	0.6906976744186046	0.3093023255813953
1426	1.0	0.0	1.0	-1.0	-1	0.13436218294801267	0.8656378170519874
1427	1.0	0.0	1.0	-1.0	-1	0.13436218294801267	0.8656378170519874
1428	1.0	0.0	1.0	1.0	-1	0.13436218294801267	0.8656378170519874
1429	1.0	1.0	1.0	-1.0	-1	0.23472614726786706	0.765273852732133
1430	1.0	0.0	1.0	1.0	-1	0.13436218294801267	0.8656378170519874
1431	1.0	0.0	1.0	-1.0	-1	0.13436218294801267	0.8656378170519874
1432	1.0	0.0	1.0	1.0	-1	0.13436218294801267	0.8656378170519874
1433	1.0	0.0	1.0	-1.0	-1	0.13436218294801267	0.8656378170519874
1434	1.0	0.0	1.0	-1.0	-1	0.13436218294801267	0.8656378170519874
1435	1.0	0.0	1.0	-1.0	-1	0.13436218294801267	0.8656378170519874
1436	0.0	0.0	0.0	1.0	1	0.9202799902470741	0.0797200097529259
1437	1.0	0.0	1.0	-1.0	-1	0.13436218294801267	0.8656378170519874
1438	0.0	0.0	0.0	1.0	1	0.9202799902470741	0.0797200097529259
1439	1.0	0.0	1.0	-1.0	-1	0.13436218294801267	0.8656378170519874
1440	0.0	0.0	1.0	-1.0	-1	0.44518291217104794	0.554817087828952
1441	1.0	0.0	1.0	-1.0	-1	0.13436218294801267	0.8656378170519874
1442	1.0	0.0	1.0	-1.0	-1	0.13436218294801267	0.8656378170519874
1443	1.0	0.0	1.0	1.0	-1	0.13436218294801267	0.8656378170519874
1444	0.0	1.0	0.0	1.0	1	0.9580037226617031	0.04199627733829688
1445	1.0	0.0	1.0	-1.0	-1	0.13436218294801267	0.8656378170519874
1446	1.0	0.0	0.0	1.0	1	0.6906976744186046	0.3093023255813953
1447	1.0	0.0	1.0	-1.0	-1	0.13436218294801267	0.8656378170519874
1448	1.0	0.0	1.0	-1.0	-1	0.13436218294801267	0.8656378170519874
1449	1.0	0.0	1.0	-1.0	-1	0.13436218294801267	0.8656378170519874
1450	1.0	0.0	1.0	-1.0	-1	0.13436218294801267	0.8656378170519874
1451	0.0	0.0	1.0	-1.0	-1	0.44518291217104794	0.554817087828952
1452	0.0	0.0	0.0	1.0	1	0.9202799902470741	0.0797200097529259
1453	0.0	0.0	1.0	-1.0	-1	0.44518291217104794	0.554817087828952
1454	1.0	0.0	1.0	-1.0	-1	0.13436218294801267	0.8656378170519874
1455	1.0	0.0	1.0	1.0	-1	0.13436218294801267	0.8656378170519874
1456	0.0	0.0	1.0	-1.0	-1	0.44518291217104794	0.554817087828952
1457	1.0	0.0	0.0	1.0	1	0.6906976744186046	0.3093023255813953
1458	1.0	0.0	1.0	-1.0	-1	0.13436218294801267	0.8656378170519874
1459	1.0	0.0	1.0	-1.0	-1	0.13436218294801267	0.8656378170519874
1460	0.0	0.0	0.0	1.0	1	0.9202799902470741	0.0797200097529259
1461	1.0	0.0	0.0	1.0	1	0.6906976744186046	0.3093023255813953
1462	0.0	0.0	0.0	1.0	1	0.9202799902470741	0.0797200097529259
1463	1.0	0.0	1.0	1.0	-1	0.13436218294801267	0.8656378170519874
1464	1.0	1.0	1.0	-1.0	-1	0.23472614726786706	0.765273852732133
1465	0.0	1.0	1.0	1.0	1	0.6132419112920505	0.38675808870794953
1466	1.0	0.0	1.0	-1.0	-1	0.13436218294801267	0.8656378170519874
1467	1.0	0.0	1.0	-1.0	-1	0.13436218294801267	0.8656378170519874
1468	0.0	0.0	0.0	1.0	1	0.9202799902470741	0.0797200097529259
1469	1.0	0.0	1.0	-1.0	-1	0.13436218294801267	0.8656378170519874
1470	1.0	0.0	1.0	-1.0	-1	0.13436218294801267	0.8656378170519874
1471	0.0	0.0	1.0	-1.0	-1	0.44518291217104794	0.554817087828952
1472	1.0	0.0	1.0	-1.0	-1	0.13436218294801267	0.8656378170519874
1473	0.0	0.0	1.0	-1.0	-1	0.44518291217104794	0.554817087828952
1474	0.0	0.0	0.0	1.0	1	0.9202799902470741	0.0797200097529259
1475	1.0	0.0	1.0	-1.0	-1	0.13436218294801267	0.8656378170519874
1476	1.0	0.0	1.0	-1.0	-1	0.13436218294801267	0.8656378170519874
1477	0.0	0.0	1.0	-1.0	-1	0.44518291217104794	0.554817087828952
1478	0.0	0.0	1.0	1.0	-1	0.44518291217104794	0.554817087828952
1479	1.0	0.0	1.0	-1.0	-1	0.13436218294801267	0.8656378170519874
1480	1.0	0.0	1.0	1.0	-1	0.13436218294801267	0.8656378170519874
1481	1.0	0.0	1.0	-1.0	-1	0.13436218294801267	0.8656378170519874
1482	1.0	0.0	1.0	-1.0	-1	0.13436218294801267	0.8656378170519874
1483	1.0	0.0	1.0	-1.0	-1	0.13436218294801267	0.8656378170519874
1484	1.0	0.0	1.0	1.0	-1	0.13436218294801267	0.8656378170519874
1485	1.0	0.0	1.0	-1.0	-1	0.13436218294801267	0.8656378170519874
1486	1.0	0.0	1.0	-1.0	-1	0.13436218294801267	0.8656378170519874
1487	0.0	0.0	0.0	1.0	1	0.9202799902470741	0.0797200097529259
1488	1.0	0.0	1.0	-1.0	-1	0.13436218294801267	0.8656378170519874
1489	1.0	0.0	1.0	-1.0	-1	0.13436218294801267	0.8656378170519874
1490	1.0	0.0	0.0	-1.0	1	0.6906976744186046	0.3093023255813953
1491	1.0	0.0	1.0	-1.0	-1	0.13436218294801267	0.8656378170519874
1492	0.0	1.0	1.0	1.0	1	0.6132419112920505	0.38675808870794953
1493	1.0	0.0	1.0	-1.0	-1	0.13436218294801267	0.8656378170519874
1494	0.0	1.0	1.0	1.0	1	0.6132419112920505	0.38675808870794953
1495	1.0	0.0	1.0	-1.0	-1	0.13436218294801267	0.8656378170519874
1496	1.0	0.0	1.0	1.0	-1	0.13436218294801267	0.8656378170519874
1497	1.0	0.0	0.0	1.0	1	0.6906976744186046	0.3093023255813953
1498	0.0	0.0	0.0	1.0	1	0.9202799902470741	0.0797200097529259
1499	1.0	0.0	1.0	-1.0	-1	0.13436218294801267	0.8656378170519874
1500	1.0	0.0	1.0	1.0	-1	0.13436218294801267	0.8656378170519874
1501	1.0	0.0	1.0	-1.0	-1	0.13436218294801267	0.8656378170519874
1502	1.0	0.0	1.0	1.0	-1	0.13436218294801267	0.8656378170519874
1503	1.0	0.0	1.0	1.0	-1	0.13436218294801267	0.8656378170519874
1504	0.0	0.0	1.0	1.0	-1	0.44518291217104794	0.554817087828952
1505	1.0	0.0	1.0	-1.0	-1	0.13436218294801267	0.8656378170519874
1506	0.0	0.0	0.0	-1.0	1	0.9202799902470741	0.0797200097529259
1507	1.0	0.0	1.0	-1.0	-1	0.13436218294801267	0.8656378170519874
1508	1.0	0.0	0.0	-1.0	1	0.6906976744186046	0.3093023255813953
1509	1.0	0.0	1.0	-1.0	-1	0.13436218294801267	0.8656378170519874
1510	1.0	0.0	1.0	-1.0	-1	0.13436218294801267	0.8656378170519874
1511	1.0	0.0	1.0	1.0	-1	0.13436218294801267	0.8656378170519874
1512	1.0	0.0	1.0	-1.0	-1	0.13436218294801267	0.8656378170519874
1513	1.0	0.0	1.0	-1.0	-1	0.13436218294801267	0.8656378170519874
1514	1.0	0.0	0.0	1.0	1	0.6906976744186046	0.3093023255813953
1515	1.0	0.0	1.0	-1.0	-1	0.13436218294801267	0.8656378170519874
1516	1.0	0.0	1.0	-1.0	-1	0.13436218294801267	0.8656378170519874
1517	1.0	0.0	1.0	-1.0	-1	0.13436218294801267	0.8656378170519874
1518	1.0	0.0	1.0	-1.0	-1	0.13436218294801267	0.8656378170519874
1519	1.0	0.0	0.0	1.0	1	0.6906976744186046	0.3093023255813953
1520	0.0	0.0	1.0	-1.0	-1	0.44518291217104794	0.554817087828952
1521	1.0	0.0	0.0	-1.0	1	0.6906976744186046	0.3093023255813953
1522	1.0	0.0	1.0	-1.0	-1	0.13436218294801267	0.8656378170519874
1523	1.0	0.0	1.0	-1.0	-1	0.13436218294801267	0.8656378170519874
1524	1.0	0.0	1.0	-1.0	-1	0.13436218294801267	0.8656378170519874
1525	1.0	0.0	1.0	-1.0	-1	0.13436218294801267	0.8656378170519874
1526	1.0	0.0	1.0	-1.0	-1	0.13436218294801267	0.8656378170519874
1527	1.0	0.0	1.0	-1.0	-1	0.13436218294801267	0.8656378170519874
1528	1.0	0.0	1.0	-1.0	-1	0.13436218294801267	0.8656378170519874
1529	0.0	0.0	0.0	1.0	1	0.9202799902470741	0.0797200097529259
1530	0.0	0.0	0.0	-1.0	1	0.9202799902470741	0.0797200097529259
1531	1.0	0.0	1.0	-1.0	-1	0.13436218294801267	0.8656378170519874
1532	0.0	0.0	0.0	1.0	1	0.9202799902470741	0.0797200097529259
1533	1.0	0.0	0.0	-1.0	1	0.6906976744186046	0.3093023255813953
1534	1.0	0.0	0.0	-1.0	1	0.6906976744186046	0.3093023255813953
1535	1.0	0.0	1.0	-1.0	-1	0.13436218294801267	0.8656378170519874
1536	1.0	0.0	1.0	-1.0	-1	0.13436218294801267	0.8656378170519874
1537	1.0	0.0	1.0	1.0	-1	0.13436218294801267	0.8656378170519874
1538	1.0	0.0	0.0	1.0	1	0.6906976744186046	0.3093023255813953
1539	0.0	0.0	1.0	-1.0	-1	0.44518291217104794	0.554817087828952
1540	0.0	1.0	0.0	1.0	1	0.9580037226617031	0.04199627733829688
