	0	1	2	3	predicted	Predicted_label_1	Predicted_label_-1
0	0.0	0.0	0.0	1.0	1	0.9055051849855459	0.09449481501445409
1	1.0	0.0	1.0	-1.0	-1	0.12013287454608663	0.8798671254539134
2	0.0	0.0	0.0	1.0	1	0.9055051849855459	0.09449481501445409
3	1.0	0.0	1.0	-1.0	-1	0.12013287454608663	0.8798671254539134
4	0.0	0.0	1.0	-1.0	-1	0.3472917312532776	0.6527082687467225
5	1.0	0.0	1.0	-1.0	-1	0.12013287454608663	0.8798671254539134
6	1.0	0.0	0.0	1.0	1	0.7108962087681167	0.28910379123188334
7	1.0	0.0	1.0	-1.0	-1	0.12013287454608663	0.8798671254539134
8	1.0	0.0	1.0	-1.0	-1	0.12013287454608663	0.8798671254539134
9	0.0	0.0	1.0	-1.0	-1	0.3472917312532776	0.6527082687467225
10	1.0	0.0	1.0	-1.0	-1	0.12013287454608663	0.8798671254539134
11	1.0	0.0	1.0	-1.0	-1	0.12013287454608663	0.8798671254539134
12	1.0	0.0	1.0	-1.0	-1	0.12013287454608663	0.8798671254539134
13	1.0	0.0	1.0	-1.0	-1	0.12013287454608663	0.8798671254539134
14	1.0	0.0	1.0	-1.0	-1	0.12013287454608663	0.8798671254539134
15	1.0	0.0	1.0	-1.0	-1	0.12013287454608663	0.8798671254539134
16	1.0	0.0	1.0	-1.0	-1	0.12013287454608663	0.8798671254539134
17	1.0	0.0	1.0	-1.0	-1	0.12013287454608663	0.8798671254539134
18	0.0	0.0	0.0	1.0	1	0.9055051849855459	0.09449481501445409
19	1.0	0.0	1.0	-1.0	-1	0.12013287454608663	0.8798671254539134
20	1.0	0.0	1.0	1.0	-1	0.12013287454608663	0.8798671254539134
21	1.0	0.0	1.0	-1.0	-1	0.12013287454608663	0.8798671254539134
22	1.0	0.0	1.0	1.0	-1	0.12013287454608663	0.8798671254539134
23	1.0	0.0	1.0	1.0	-1	0.12013287454608663	0.8798671254539134
24	1.0	0.0	1.0	-1.0	-1	0.12013287454608663	0.8798671254539134
25	0.0	0.0	0.0	1.0	1	0.9055051849855459	0.09449481501445409
26	1.0	0.0	1.0	-1.0	-1	0.12013287454608663	0.8798671254539134
27	1.0	0.0	1.0	1.0	-1	0.12013287454608663	0.8798671254539134
28	0.0	1.0	1.0	1.0	-1	0.38667066049048077	0.6133293395095192
29	0.0	0.0	1.0	-1.0	-1	0.3472917312532776	0.6527082687467225
30	1.0	0.0	1.0	-1.0	-1	0.12013287454608663	0.8798671254539134
31	1.0	0.0	1.0	-1.0	-1	0.12013287454608663	0.8798671254539134
32	1.0	0.0	0.0	1.0	1	0.7108962087681167	0.28910379123188334
33	1.0	0.0	1.0	-1.0	-1	0.12013287454608663	0.8798671254539134
34	1.0	0.0	1.0	-1.0	-1	0.12013287454608663	0.8798671254539134
35	1.0	0.0	1.0	1.0	-1	0.12013287454608663	0.8798671254539134
36	1.0	0.0	0.0	1.0	1	0.7108962087681167	0.28910379123188334
37	1.0	0.0	1.0	-1.0	-1	0.12013287454608663	0.8798671254539134
38	1.0	0.0	1.0	-1.0	-1	0.12013287454608663	0.8798671254539134
39	0.0	0.0	1.0	1.0	-1	0.3472917312532776	0.6527082687467225
40	0.0	0.0	1.0	-1.0	-1	0.3472917312532776	0.6527082687467225
41	1.0	1.0	0.0	-1.0	1	0.7444784345423325	0.2555215654576674
42	1.0	0.0	0.0	1.0	1	0.7108962087681167	0.28910379123188334
43	1.0	0.0	1.0	1.0	-1	0.12013287454608663	0.8798671254539134
44	1.0	0.0	1.0	1.0	-1	0.12013287454608663	0.8798671254539134
45	1.0	0.0	1.0	1.0	-1	0.12013287454608663	0.8798671254539134
46	0.0	0.0	0.0	1.0	1	0.9055051849855459	0.09449481501445409
47	1.0	0.0	0.0	-1.0	1	0.7108962087681167	0.28910379123188334
48	1.0	0.0	1.0	1.0	-1	0.12013287454608663	0.8798671254539134
49	1.0	0.0	1.0	-1.0	-1	0.12013287454608663	0.8798671254539134
50	1.0	0.0	1.0	-1.0	-1	0.12013287454608663	0.8798671254539134
51	1.0	0.0	1.0	-1.0	-1	0.12013287454608663	0.8798671254539134
52	0.0	0.0	0.0	1.0	1	0.9055051849855459	0.09449481501445409
53	1.0	0.0	1.0	-1.0	-1	0.12013287454608663	0.8798671254539134
54	1.0	0.0	1.0	-1.0	-1	0.12013287454608663	0.8798671254539134
55	1.0	0.0	1.0	-1.0	-1	0.12013287454608663	0.8798671254539134
56	0.0	0.0	0.0	1.0	1	0.9055051849855459	0.09449481501445409
57	0.0	0.0	0.0	1.0	1	0.9055051849855459	0.09449481501445409
58	0.0	0.0	0.0	1.0	1	0.9055051849855459	0.09449481501445409
59	1.0	0.0	1.0	-1.0	-1	0.12013287454608663	0.8798671254539134
60	0.0	0.0	1.0	-1.0	-1	0.3472917312532776	0.6527082687467225
61	1.0	0.0	0.0	1.0	1	0.7108962087681167	0.28910379123188334
62	1.0	0.0	1.0	-1.0	-1	0.12013287454608663	0.8798671254539134
63	1.0	0.0	0.0	-1.0	1	0.7108962087681167	0.28910379123188334
64	1.0	0.0	1.0	-1.0	-1	0.12013287454608663	0.8798671254539134
65	1.0	0.0	1.0	-1.0	-1	0.12013287454608663	0.8798671254539134
66	1.0	0.0	0.0	-1.0	1	0.7108962087681167	0.28910379123188334
67	0.0	0.0	0.0	1.0	1	0.9055051849855459	0.09449481501445409
68	1.0	0.0	1.0	-1.0	-1	0.12013287454608663	0.8798671254539134
69	1.0	0.0	1.0	1.0	-1	0.12013287454608663	0.8798671254539134
70	1.0	0.0	1.0	-1.0	-1	0.12013287454608663	0.8798671254539134
71	0.0	0.0	1.0	-1.0	-1	0.3472917312532776	0.6527082687467225
72	1.0	0.0	1.0	-1.0	-1	0.12013287454608663	0.8798671254539134
73	0.0	0.0	0.0	1.0	1	0.9055051849855459	0.09449481501445409
74	0.0	0.0	1.0	-1.0	-1	0.3472917312532776	0.6527082687467225
75	0.0	0.0	0.0	1.0	1	0.9055051849855459	0.09449481501445409
76	0.0	0.0	1.0	-1.0	-1	0.3472917312532776	0.6527082687467225
77	1.0	0.0	1.0	-1.0	-1	0.12013287454608663	0.8798671254539134
78	1.0	0.0	1.0	-1.0	-1	0.12013287454608663	0.8798671254539134
79	0.0	0.0	1.0	-1.0	-1	0.3472917312532776	0.6527082687467225
80	0.0	0.0	1.0	-1.0	-1	0.3472917312532776	0.6527082687467225
81	0.0	0.0	1.0	-1.0	-1	0.3472917312532776	0.6527082687467225
82	1.0	0.0	1.0	1.0	-1	0.12013287454608663	0.8798671254539134
83	1.0	0.0	1.0	-1.0	-1	0.12013287454608663	0.8798671254539134
84	0.0	0.0	0.0	1.0	1	0.9055051849855459	0.09449481501445409
85	0.0	1.0	1.0	1.0	-1	0.38667066049048077	0.6133293395095192
86	1.0	0.0	1.0	-1.0	-1	0.12013287454608663	0.8798671254539134
87	0.0	0.0	0.0	1.0	1	0.9055051849855459	0.09449481501445409
88	0.0	0.0	1.0	-1.0	-1	0.3472917312532776	0.6527082687467225
89	1.0	0.0	1.0	-1.0	-1	0.12013287454608663	0.8798671254539134
90	1.0	0.0	1.0	-1.0	-1	0.12013287454608663	0.8798671254539134
91	1.0	0.0	1.0	-1.0	-1	0.12013287454608663	0.8798671254539134
92	1.0	0.0	1.0	-1.0	-1	0.12013287454608663	0.8798671254539134
93	0.0	0.0	0.0	1.0	1	0.9055051849855459	0.09449481501445409
94	1.0	0.0	0.0	-1.0	1	0.7108962087681167	0.28910379123188334
95	1.0	0.0	1.0	-1.0	-1	0.12013287454608663	0.8798671254539134
96	0.0	0.0	1.0	1.0	-1	0.3472917312532776	0.6527082687467225
97	1.0	0.0	1.0	1.0	-1	0.12013287454608663	0.8798671254539134
98	0.0	0.0	0.0	1.0	1	0.9055051849855459	0.09449481501445409
99	1.0	0.0	1.0	1.0	-1	0.12013287454608663	0.8798671254539134
100	1.0	0.0	1.0	1.0	-1	0.12013287454608663	0.8798671254539134
101	1.0	0.0	1.0	-1.0	-1	0.12013287454608663	0.8798671254539134
102	0.0	0.0	0.0	1.0	1	0.9055051849855459	0.09449481501445409
103	1.0	0.0	1.0	-1.0	-1	0.12013287454608663	0.8798671254539134
104	1.0	0.0	1.0	-1.0	-1	0.12013287454608663	0.8798671254539134
105	0.0	1.0	1.0	1.0	-1	0.38667066049048077	0.6133293395095192
106	0.0	0.0	1.0	-1.0	-1	0.3472917312532776	0.6527082687467225
107	1.0	0.0	1.0	-1.0	-1	0.12013287454608663	0.8798671254539134
108	1.0	0.0	1.0	-1.0	-1	0.12013287454608663	0.8798671254539134
109	1.0	0.0	1.0	-1.0	-1	0.12013287454608663	0.8798671254539134
110	1.0	0.0	1.0	1.0	-1	0.12013287454608663	0.8798671254539134
111	1.0	0.0	1.0	-1.0	-1	0.12013287454608663	0.8798671254539134
112	0.0	1.0	1.0	1.0	-1	0.38667066049048077	0.6133293395095192
113	1.0	0.0	1.0	-1.0	-1	0.12013287454608663	0.8798671254539134
114	1.0	1.0	0.0	1.0	1	0.7444784345423325	0.2555215654576674
115	1.0	0.0	1.0	-1.0	-1	0.12013287454608663	0.8798671254539134
116	1.0	0.0	1.0	-1.0	-1	0.12013287454608663	0.8798671254539134
117	1.0	0.0	1.0	-1.0	-1	0.12013287454608663	0.8798671254539134
118	1.0	0.0	1.0	-1.0	-1	0.12013287454608663	0.8798671254539134
119	1.0	0.0	1.0	1.0	-1	0.12013287454608663	0.8798671254539134
120	1.0	0.0	1.0	1.0	-1	0.12013287454608663	0.8798671254539134
121	1.0	0.0	1.0	-1.0	-1	0.12013287454608663	0.8798671254539134
122	1.0	0.0	1.0	-1.0	-1	0.12013287454608663	0.8798671254539134
123	1.0	0.0	1.0	-1.0	-1	0.12013287454608663	0.8798671254539134
124	0.0	0.0	0.0	1.0	1	0.9055051849855459	0.09449481501445409
125	1.0	0.0	1.0	-1.0	-1	0.12013287454608663	0.8798671254539134
126	1.0	0.0	0.0	1.0	1	0.7108962087681167	0.28910379123188334
127	1.0	0.0	1.0	-1.0	-1	0.12013287454608663	0.8798671254539134
128	1.0	0.0	1.0	1.0	-1	0.12013287454608663	0.8798671254539134
129	1.0	0.0	1.0	-1.0	-1	0.12013287454608663	0.8798671254539134
130	1.0	0.0	0.0	-1.0	1	0.7108962087681167	0.28910379123188334
131	1.0	0.0	1.0	1.0	-1	0.12013287454608663	0.8798671254539134
132	1.0	0.0	1.0	-1.0	-1	0.12013287454608663	0.8798671254539134
133	1.0	0.0	1.0	1.0	-1	0.12013287454608663	0.8798671254539134
134	1.0	0.0	1.0	-1.0	-1	0.12013287454608663	0.8798671254539134
135	1.0	0.0	1.0	-1.0	-1	0.12013287454608663	0.8798671254539134
136	1.0	0.0	1.0	-1.0	-1	0.12013287454608663	0.8798671254539134
137	0.0	0.0	1.0	-1.0	-1	0.3472917312532776	0.6527082687467225
138	0.0	0.0	0.0	-1.0	1	0.9055051849855459	0.09449481501445409
139	1.0	0.0	1.0	-1.0	-1	0.12013287454608663	0.8798671254539134
140	1.0	1.0	1.0	-1.0	-1	0.1392496567809075	0.8607503432190925
141	1.0	0.0	1.0	-1.0	-1	0.12013287454608663	0.8798671254539134
142	1.0	0.0	1.0	-1.0	-1	0.12013287454608663	0.8798671254539134
143	1.0	0.0	1.0	-1.0	-1	0.12013287454608663	0.8798671254539134
144	1.0	0.0	1.0	-1.0	-1	0.12013287454608663	0.8798671254539134
145	1.0	0.0	1.0	-1.0	-1	0.12013287454608663	0.8798671254539134
146	1.0	0.0	1.0	-1.0	-1	0.12013287454608663	0.8798671254539134
147	1.0	0.0	1.0	-1.0	-1	0.12013287454608663	0.8798671254539134
148	1.0	0.0	1.0	-1.0	-1	0.12013287454608663	0.8798671254539134
149	1.0	0.0	0.0	1.0	1	0.7108962087681167	0.28910379123188334
150	1.0	0.0	1.0	-1.0	-1	0.12013287454608663	0.8798671254539134
151	1.0	0.0	1.0	-1.0	-1	0.12013287454608663	0.8798671254539134
152	1.0	0.0	1.0	-1.0	-1	0.12013287454608663	0.8798671254539134
153	1.0	0.0	1.0	-1.0	-1	0.12013287454608663	0.8798671254539134
154	1.0	0.0	0.0	-1.0	1	0.7108962087681167	0.28910379123188334
155	1.0	0.0	1.0	-1.0	-1	0.12013287454608663	0.8798671254539134
156	1.0	0.0	1.0	-1.0	-1	0.12013287454608663	0.8798671254539134
157	1.0	0.0	1.0	-1.0	-1	0.12013287454608663	0.8798671254539134
158	1.0	0.0	0.0	1.0	1	0.7108962087681167	0.28910379123188334
159	1.0	0.0	1.0	-1.0	-1	0.12013287454608663	0.8798671254539134
160	1.0	0.0	1.0	-1.0	-1	0.12013287454608663	0.8798671254539134
161	1.0	0.0	1.0	-1.0	-1	0.12013287454608663	0.8798671254539134
162	1.0	0.0	1.0	-1.0	-1	0.12013287454608663	0.8798671254539134
163	0.0	0.0	1.0	1.0	-1	0.3472917312532776	0.6527082687467225
164	1.0	0.0	1.0	-1.0	-1	0.12013287454608663	0.8798671254539134
165	1.0	0.0	1.0	-1.0	-1	0.12013287454608663	0.8798671254539134
166	1.0	0.0	1.0	1.0	-1	0.12013287454608663	0.8798671254539134
167	1.0	0.0	1.0	-1.0	-1	0.12013287454608663	0.8798671254539134
168	1.0	0.0	1.0	-1.0	-1	0.12013287454608663	0.8798671254539134
169	1.0	0.0	1.0	-1.0	-1	0.12013287454608663	0.8798671254539134
170	0.0	0.0	1.0	-1.0	-1	0.3472917312532776	0.6527082687467225
171	0.0	0.0	0.0	1.0	1	0.9055051849855459	0.09449481501445409
172	1.0	0.0	0.0	1.0	1	0.7108962087681167	0.28910379123188334
173	1.0	0.0	0.0	1.0	1	0.7108962087681167	0.28910379123188334
174	1.0	0.0	1.0	-1.0	-1	0.12013287454608663	0.8798671254539134
175	1.0	0.0	1.0	-1.0	-1	0.12013287454608663	0.8798671254539134
176	1.0	0.0	1.0	-1.0	-1	0.12013287454608663	0.8798671254539134
177	1.0	0.0	0.0	-1.0	1	0.7108962087681167	0.28910379123188334
178	0.0	0.0	1.0	-1.0	-1	0.3472917312532776	0.6527082687467225
179	0.0	0.0	1.0	-1.0	-1	0.3472917312532776	0.6527082687467225
180	0.0	0.0	1.0	-1.0	-1	0.3472917312532776	0.6527082687467225
181	0.0	0.0	1.0	1.0	-1	0.3472917312532776	0.6527082687467225
182	1.0	0.0	1.0	-1.0	-1	0.12013287454608663	0.8798671254539134
183	0.0	0.0	0.0	1.0	1	0.9055051849855459	0.09449481501445409
184	0.0	0.0	0.0	1.0	1	0.9055051849855459	0.09449481501445409
185	1.0	0.0	1.0	-1.0	-1	0.12013287454608663	0.8798671254539134
186	1.0	0.0	0.0	-1.0	1	0.7108962087681167	0.28910379123188334
187	0.0	0.0	0.0	1.0	1	0.9055051849855459	0.09449481501445409
188	1.0	0.0	1.0	-1.0	-1	0.12013287454608663	0.8798671254539134
189	1.0	0.0	0.0	1.0	1	0.7108962087681167	0.28910379123188334
190	1.0	0.0	1.0	-1.0	-1	0.12013287454608663	0.8798671254539134
191	1.0	0.0	1.0	-1.0	-1	0.12013287454608663	0.8798671254539134
192	1.0	0.0	1.0	-1.0	-1	0.12013287454608663	0.8798671254539134
193	1.0	0.0	1.0	-1.0	-1	0.12013287454608663	0.8798671254539134
194	0.0	0.0	0.0	1.0	1	0.9055051849855459	0.09449481501445409
195	1.0	0.0	0.0	1.0	1	0.7108962087681167	0.28910379123188334
196	1.0	0.0	1.0	-1.0	-1	0.12013287454608663	0.8798671254539134
197	1.0	1.0	1.0	-1.0	-1	0.1392496567809075	0.8607503432190925
198	1.0	0.0	1.0	-1.0	-1	0.12013287454608663	0.8798671254539134
199	0.0	0.0	1.0	-1.0	-1	0.3472917312532776	0.6527082687467225
200	1.0	0.0	1.0	-1.0	-1	0.12013287454608663	0.8798671254539134
201	1.0	0.0	1.0	-1.0	-1	0.12013287454608663	0.8798671254539134
202	0.0	0.0	0.0	-1.0	1	0.9055051849855459	0.09449481501445409
203	1.0	0.0	1.0	1.0	-1	0.12013287454608663	0.8798671254539134
204	1.0	0.0	1.0	-1.0	-1	0.12013287454608663	0.8798671254539134
205	1.0	0.0	1.0	-1.0	-1	0.12013287454608663	0.8798671254539134
206	0.0	0.0	1.0	1.0	-1	0.3472917312532776	0.6527082687467225
207	1.0	0.0	1.0	-1.0	-1	0.12013287454608663	0.8798671254539134
208	1.0	0.0	1.0	-1.0	-1	0.12013287454608663	0.8798671254539134
209	1.0	0.0	0.0	1.0	1	0.7108962087681167	0.28910379123188334
210	1.0	0.0	1.0	1.0	-1	0.12013287454608663	0.8798671254539134
211	0.0	0.0	1.0	-1.0	-1	0.3472917312532776	0.6527082687467225
212	1.0	0.0	1.0	-1.0	-1	0.12013287454608663	0.8798671254539134
213	1.0	0.0	1.0	-1.0	-1	0.12013287454608663	0.8798671254539134
214	0.0	0.0	1.0	1.0	-1	0.3472917312532776	0.6527082687467225
215	1.0	0.0	1.0	1.0	-1	0.12013287454608663	0.8798671254539134
216	0.0	0.0	1.0	-1.0	-1	0.3472917312532776	0.6527082687467225
217	1.0	0.0	1.0	-1.0	-1	0.12013287454608663	0.8798671254539134
218	0.0	0.0	0.0	1.0	1	0.9055051849855459	0.09449481501445409
219	1.0	0.0	1.0	-1.0	-1	0.12013287454608663	0.8798671254539134
220	0.0	0.0	1.0	-1.0	-1	0.3472917312532776	0.6527082687467225
221	1.0	0.0	1.0	-1.0	-1	0.12013287454608663	0.8798671254539134
222	1.0	0.0	1.0	-1.0	-1	0.12013287454608663	0.8798671254539134
223	1.0	0.0	1.0	-1.0	-1	0.12013287454608663	0.8798671254539134
224	1.0	0.0	1.0	-1.0	-1	0.12013287454608663	0.8798671254539134
225	1.0	0.0	1.0	-1.0	-1	0.12013287454608663	0.8798671254539134
226	1.0	0.0	1.0	-1.0	-1	0.12013287454608663	0.8798671254539134
227	1.0	0.0	1.0	-1.0	-1	0.12013287454608663	0.8798671254539134
228	1.0	1.0	1.0	-1.0	-1	0.1392496567809075	0.8607503432190925
229	1.0	1.0	1.0	-1.0	-1	0.1392496567809075	0.8607503432190925
230	1.0	0.0	1.0	-1.0	-1	0.12013287454608663	0.8798671254539134
231	1.0	0.0	1.0	-1.0	-1	0.12013287454608663	0.8798671254539134
232	0.0	0.0	1.0	-1.0	-1	0.3472917312532776	0.6527082687467225
233	1.0	0.0	1.0	1.0	-1	0.12013287454608663	0.8798671254539134
234	1.0	0.0	1.0	-1.0	-1	0.12013287454608663	0.8798671254539134
235	0.0	0.0	1.0	-1.0	-1	0.3472917312532776	0.6527082687467225
236	0.0	0.0	0.0	1.0	1	0.9055051849855459	0.09449481501445409
237	0.0	0.0	1.0	-1.0	-1	0.3472917312532776	0.6527082687467225
238	1.0	0.0	1.0	-1.0	-1	0.12013287454608663	0.8798671254539134
239	0.0	0.0	1.0	-1.0	-1	0.3472917312532776	0.6527082687467225
240	0.0	0.0	0.0	1.0	1	0.9055051849855459	0.09449481501445409
241	1.0	0.0	1.0	1.0	-1	0.12013287454608663	0.8798671254539134
242	0.0	0.0	1.0	-1.0	-1	0.3472917312532776	0.6527082687467225
243	1.0	0.0	1.0	-1.0	-1	0.12013287454608663	0.8798671254539134
244	1.0	0.0	1.0	1.0	-1	0.12013287454608663	0.8798671254539134
245	1.0	0.0	0.0	-1.0	1	0.7108962087681167	0.28910379123188334
246	1.0	1.0	0.0	-1.0	1	0.7444784345423325	0.2555215654576674
247	1.0	0.0	1.0	-1.0	-1	0.12013287454608663	0.8798671254539134
248	0.0	0.0	0.0	1.0	1	0.9055051849855459	0.09449481501445409
249	1.0	0.0	1.0	-1.0	-1	0.12013287454608663	0.8798671254539134
250	1.0	0.0	1.0	-1.0	-1	0.12013287454608663	0.8798671254539134
251	0.0	0.0	1.0	-1.0	-1	0.3472917312532776	0.6527082687467225
252	0.0	0.0	1.0	1.0	-1	0.3472917312532776	0.6527082687467225
253	1.0	0.0	1.0	-1.0	-1	0.12013287454608663	0.8798671254539134
254	1.0	0.0	1.0	-1.0	-1	0.12013287454608663	0.8798671254539134
255	1.0	0.0	1.0	-1.0	-1	0.12013287454608663	0.8798671254539134
256	1.0	0.0	1.0	-1.0	-1	0.12013287454608663	0.8798671254539134
257	0.0	0.0	1.0	-1.0	-1	0.3472917312532776	0.6527082687467225
258	0.0	0.0	1.0	-1.0	-1	0.3472917312532776	0.6527082687467225
259	0.0	0.0	1.0	-1.0	-1	0.3472917312532776	0.6527082687467225
260	1.0	0.0	1.0	-1.0	-1	0.12013287454608663	0.8798671254539134
261	1.0	0.0	1.0	-1.0	-1	0.12013287454608663	0.8798671254539134
262	1.0	0.0	1.0	-1.0	-1	0.12013287454608663	0.8798671254539134
263	1.0	0.0	1.0	-1.0	-1	0.12013287454608663	0.8798671254539134
264	1.0	0.0	0.0	1.0	1	0.7108962087681167	0.28910379123188334
265	0.0	0.0	1.0	-1.0	-1	0.3472917312532776	0.6527082687467225
266	1.0	0.0	1.0	-1.0	-1	0.12013287454608663	0.8798671254539134
267	1.0	0.0	1.0	1.0	-1	0.12013287454608663	0.8798671254539134
268	0.0	0.0	0.0	1.0	1	0.9055051849855459	0.09449481501445409
269	1.0	0.0	1.0	-1.0	-1	0.12013287454608663	0.8798671254539134
270	1.0	0.0	1.0	1.0	-1	0.12013287454608663	0.8798671254539134
271	1.0	0.0	1.0	-1.0	-1	0.12013287454608663	0.8798671254539134
272	0.0	0.0	0.0	1.0	1	0.9055051849855459	0.09449481501445409
273	1.0	0.0	1.0	-1.0	-1	0.12013287454608663	0.8798671254539134
274	1.0	0.0	1.0	-1.0	-1	0.12013287454608663	0.8798671254539134
275	1.0	0.0	1.0	-1.0	-1	0.12013287454608663	0.8798671254539134
276	1.0	0.0	1.0	-1.0	-1	0.12013287454608663	0.8798671254539134
277	1.0	0.0	1.0	-1.0	-1	0.12013287454608663	0.8798671254539134
278	1.0	0.0	1.0	-1.0	-1	0.12013287454608663	0.8798671254539134
279	0.0	0.0	0.0	1.0	1	0.9055051849855459	0.09449481501445409
280	0.0	0.0	1.0	-1.0	-1	0.3472917312532776	0.6527082687467225
281	1.0	1.0	1.0	-1.0	-1	0.1392496567809075	0.8607503432190925
282	1.0	0.0	1.0	-1.0	-1	0.12013287454608663	0.8798671254539134
283	1.0	0.0	1.0	1.0	-1	0.12013287454608663	0.8798671254539134
284	1.0	0.0	1.0	-1.0	-1	0.12013287454608663	0.8798671254539134
285	1.0	0.0	0.0	-1.0	1	0.7108962087681167	0.28910379123188334
286	1.0	0.0	1.0	-1.0	-1	0.12013287454608663	0.8798671254539134
287	1.0	0.0	1.0	-1.0	-1	0.12013287454608663	0.8798671254539134
288	0.0	0.0	0.0	1.0	1	0.9055051849855459	0.09449481501445409
289	1.0	0.0	1.0	-1.0	-1	0.12013287454608663	0.8798671254539134
290	0.0	0.0	1.0	1.0	-1	0.3472917312532776	0.6527082687467225
291	1.0	0.0	1.0	-1.0	-1	0.12013287454608663	0.8798671254539134
292	1.0	0.0	1.0	-1.0	-1	0.12013287454608663	0.8798671254539134
293	0.0	0.0	0.0	1.0	1	0.9055051849855459	0.09449481501445409
294	0.0	0.0	1.0	-1.0	-1	0.3472917312532776	0.6527082687467225
295	0.0	0.0	1.0	1.0	-1	0.3472917312532776	0.6527082687467225
296	1.0	0.0	1.0	-1.0	-1	0.12013287454608663	0.8798671254539134
297	1.0	0.0	1.0	-1.0	-1	0.12013287454608663	0.8798671254539134
298	1.0	0.0	1.0	-1.0	-1	0.12013287454608663	0.8798671254539134
299	1.0	0.0	1.0	-1.0	-1	0.12013287454608663	0.8798671254539134
300	1.0	0.0	1.0	-1.0	-1	0.12013287454608663	0.8798671254539134
301	0.0	0.0	0.0	-1.0	1	0.9055051849855459	0.09449481501445409
302	0.0	0.0	1.0	-1.0	-1	0.3472917312532776	0.6527082687467225
303	1.0	0.0	1.0	1.0	-1	0.12013287454608663	0.8798671254539134
304	0.0	0.0	0.0	1.0	1	0.9055051849855459	0.09449481501445409
305	1.0	0.0	1.0	-1.0	-1	0.12013287454608663	0.8798671254539134
306	1.0	0.0	1.0	1.0	-1	0.12013287454608663	0.8798671254539134
307	0.0	0.0	0.0	1.0	1	0.9055051849855459	0.09449481501445409
308	0.0	0.0	1.0	-1.0	-1	0.3472917312532776	0.6527082687467225
309	1.0	0.0	0.0	-1.0	1	0.7108962087681167	0.28910379123188334
310	1.0	0.0	1.0	-1.0	-1	0.12013287454608663	0.8798671254539134
311	0.0	0.0	1.0	-1.0	-1	0.3472917312532776	0.6527082687467225
312	1.0	0.0	1.0	-1.0	-1	0.12013287454608663	0.8798671254539134
313	1.0	0.0	0.0	1.0	1	0.7108962087681167	0.28910379123188334
314	1.0	0.0	1.0	-1.0	-1	0.12013287454608663	0.8798671254539134
315	1.0	0.0	1.0	1.0	-1	0.12013287454608663	0.8798671254539134
316	0.0	0.0	1.0	-1.0	-1	0.3472917312532776	0.6527082687467225
317	1.0	0.0	1.0	-1.0	-1	0.12013287454608663	0.8798671254539134
318	1.0	0.0	1.0	-1.0	-1	0.12013287454608663	0.8798671254539134
319	1.0	0.0	0.0	-1.0	1	0.7108962087681167	0.28910379123188334
320	1.0	0.0	0.0	-1.0	1	0.7108962087681167	0.28910379123188334
321	1.0	0.0	1.0	1.0	-1	0.12013287454608663	0.8798671254539134
322	1.0	0.0	1.0	-1.0	-1	0.12013287454608663	0.8798671254539134
323	1.0	0.0	1.0	-1.0	-1	0.12013287454608663	0.8798671254539134
324	1.0	0.0	1.0	-1.0	-1	0.12013287454608663	0.8798671254539134
325	1.0	0.0	0.0	1.0	1	0.7108962087681167	0.28910379123188334
326	0.0	0.0	1.0	-1.0	-1	0.3472917312532776	0.6527082687467225
327	1.0	0.0	1.0	-1.0	-1	0.12013287454608663	0.8798671254539134
328	1.0	0.0	0.0	1.0	1	0.7108962087681167	0.28910379123188334
329	1.0	0.0	1.0	-1.0	-1	0.12013287454608663	0.8798671254539134
330	1.0	0.0	1.0	-1.0	-1	0.12013287454608663	0.8798671254539134
331	0.0	0.0	0.0	1.0	1	0.9055051849855459	0.09449481501445409
332	0.0	1.0	1.0	1.0	-1	0.38667066049048077	0.6133293395095192
333	1.0	0.0	1.0	-1.0	-1	0.12013287454608663	0.8798671254539134
334	1.0	0.0	1.0	-1.0	-1	0.12013287454608663	0.8798671254539134
335	1.0	0.0	1.0	-1.0	-1	0.12013287454608663	0.8798671254539134
336	0.0	0.0	1.0	-1.0	-1	0.3472917312532776	0.6527082687467225
337	1.0	0.0	1.0	-1.0	-1	0.12013287454608663	0.8798671254539134
338	0.0	0.0	0.0	1.0	1	0.9055051849855459	0.09449481501445409
339	0.0	0.0	0.0	1.0	1	0.9055051849855459	0.09449481501445409
340	0.0	0.0	0.0	1.0	1	0.9055051849855459	0.09449481501445409
341	1.0	1.0	1.0	-1.0	-1	0.1392496567809075	0.8607503432190925
342	1.0	0.0	1.0	-1.0	-1	0.12013287454608663	0.8798671254539134
343	1.0	0.0	0.0	1.0	1	0.7108962087681167	0.28910379123188334
344	0.0	0.0	1.0	-1.0	-1	0.3472917312532776	0.6527082687467225
345	1.0	0.0	1.0	-1.0	-1	0.12013287454608663	0.8798671254539134
346	1.0	0.0	1.0	1.0	-1	0.12013287454608663	0.8798671254539134
347	1.0	0.0	1.0	1.0	-1	0.12013287454608663	0.8798671254539134
348	1.0	1.0	1.0	1.0	-1	0.1392496567809075	0.8607503432190925
349	1.0	0.0	1.0	-1.0	-1	0.12013287454608663	0.8798671254539134
350	1.0	0.0	1.0	-1.0	-1	0.12013287454608663	0.8798671254539134
351	1.0	0.0	0.0	-1.0	1	0.7108962087681167	0.28910379123188334
352	1.0	0.0	0.0	1.0	1	0.7108962087681167	0.28910379123188334
353	0.0	0.0	0.0	1.0	1	0.9055051849855459	0.09449481501445409
354	1.0	0.0	1.0	1.0	-1	0.12013287454608663	0.8798671254539134
355	1.0	0.0	0.0	-1.0	1	0.7108962087681167	0.28910379123188334
356	1.0	0.0	1.0	-1.0	-1	0.12013287454608663	0.8798671254539134
357	1.0	0.0	1.0	1.0	-1	0.12013287454608663	0.8798671254539134
358	1.0	0.0	1.0	-1.0	-1	0.12013287454608663	0.8798671254539134
359	1.0	0.0	1.0	-1.0	-1	0.12013287454608663	0.8798671254539134
360	1.0	0.0	1.0	-1.0	-1	0.12013287454608663	0.8798671254539134
361	1.0	0.0	1.0	-1.0	-1	0.12013287454608663	0.8798671254539134
362	1.0	0.0	0.0	1.0	1	0.7108962087681167	0.28910379123188334
363	1.0	0.0	0.0	-1.0	1	0.7108962087681167	0.28910379123188334
364	1.0	0.0	1.0	1.0	-1	0.12013287454608663	0.8798671254539134
365	0.0	0.0	1.0	1.0	-1	0.3472917312532776	0.6527082687467225
366	1.0	0.0	1.0	-1.0	-1	0.12013287454608663	0.8798671254539134
367	1.0	0.0	1.0	-1.0	-1	0.12013287454608663	0.8798671254539134
368	1.0	0.0	0.0	1.0	1	0.7108962087681167	0.28910379123188334
369	0.0	0.0	0.0	1.0	1	0.9055051849855459	0.09449481501445409
370	1.0	0.0	0.0	1.0	1	0.7108962087681167	0.28910379123188334
371	1.0	0.0	0.0	1.0	1	0.7108962087681167	0.28910379123188334
372	1.0	0.0	1.0	-1.0	-1	0.12013287454608663	0.8798671254539134
373	1.0	0.0	1.0	-1.0	-1	0.12013287454608663	0.8798671254539134
374	1.0	0.0	1.0	-1.0	-1	0.12013287454608663	0.8798671254539134
375	1.0	0.0	0.0	-1.0	1	0.7108962087681167	0.28910379123188334
376	1.0	1.0	1.0	-1.0	-1	0.1392496567809075	0.8607503432190925
377	1.0	0.0	1.0	-1.0	-1	0.12013287454608663	0.8798671254539134
378	1.0	0.0	1.0	-1.0	-1	0.12013287454608663	0.8798671254539134
379	1.0	0.0	1.0	-1.0	-1	0.12013287454608663	0.8798671254539134
380	1.0	0.0	1.0	1.0	-1	0.12013287454608663	0.8798671254539134
381	0.0	0.0	1.0	1.0	-1	0.3472917312532776	0.6527082687467225
382	1.0	0.0	1.0	-1.0	-1	0.12013287454608663	0.8798671254539134
383	1.0	0.0	1.0	-1.0	-1	0.12013287454608663	0.8798671254539134
384	1.0	0.0	1.0	-1.0	-1	0.12013287454608663	0.8798671254539134
385	1.0	0.0	1.0	-1.0	-1	0.12013287454608663	0.8798671254539134
386	1.0	0.0	1.0	-1.0	-1	0.12013287454608663	0.8798671254539134
387	1.0	0.0	1.0	-1.0	-1	0.12013287454608663	0.8798671254539134
388	1.0	0.0	1.0	-1.0	-1	0.12013287454608663	0.8798671254539134
389	1.0	0.0	1.0	1.0	-1	0.12013287454608663	0.8798671254539134
390	1.0	0.0	1.0	-1.0	-1	0.12013287454608663	0.8798671254539134
391	0.0	0.0	0.0	1.0	1	0.9055051849855459	0.09449481501445409
392	1.0	0.0	1.0	1.0	-1	0.12013287454608663	0.8798671254539134
393	1.0	1.0	0.0	-1.0	1	0.7444784345423325	0.2555215654576674
394	1.0	0.0	1.0	-1.0	-1	0.12013287454608663	0.8798671254539134
395	1.0	0.0	1.0	-1.0	-1	0.12013287454608663	0.8798671254539134
396	0.0	0.0	0.0	1.0	1	0.9055051849855459	0.09449481501445409
397	1.0	0.0	1.0	-1.0	-1	0.12013287454608663	0.8798671254539134
398	1.0	0.0	0.0	1.0	1	0.7108962087681167	0.28910379123188334
399	0.0	0.0	1.0	-1.0	-1	0.3472917312532776	0.6527082687467225
400	0.0	0.0	0.0	1.0	1	0.9055051849855459	0.09449481501445409
401	1.0	0.0	1.0	-1.0	-1	0.12013287454608663	0.8798671254539134
402	1.0	0.0	1.0	1.0	-1	0.12013287454608663	0.8798671254539134
403	1.0	0.0	1.0	-1.0	-1	0.12013287454608663	0.8798671254539134
404	0.0	0.0	0.0	-1.0	1	0.9055051849855459	0.09449481501445409
405	1.0	1.0	1.0	1.0	-1	0.1392496567809075	0.8607503432190925
406	0.0	0.0	1.0	-1.0	-1	0.3472917312532776	0.6527082687467225
407	0.0	0.0	1.0	-1.0	-1	0.3472917312532776	0.6527082687467225
408	0.0	0.0	1.0	-1.0	-1	0.3472917312532776	0.6527082687467225
409	0.0	0.0	0.0	-1.0	1	0.9055051849855459	0.09449481501445409
410	1.0	0.0	1.0	-1.0	-1	0.12013287454608663	0.8798671254539134
411	1.0	1.0	1.0	-1.0	-1	0.1392496567809075	0.8607503432190925
412	1.0	0.0	1.0	-1.0	-1	0.12013287454608663	0.8798671254539134
413	1.0	0.0	1.0	-1.0	-1	0.12013287454608663	0.8798671254539134
414	1.0	1.0	1.0	-1.0	-1	0.1392496567809075	0.8607503432190925
415	0.0	0.0	0.0	1.0	1	0.9055051849855459	0.09449481501445409
416	1.0	0.0	1.0	-1.0	-1	0.12013287454608663	0.8798671254539134
417	1.0	0.0	1.0	-1.0	-1	0.12013287454608663	0.8798671254539134
418	0.0	0.0	0.0	1.0	1	0.9055051849855459	0.09449481501445409
419	1.0	1.0	1.0	1.0	-1	0.1392496567809075	0.8607503432190925
420	1.0	0.0	1.0	-1.0	-1	0.12013287454608663	0.8798671254539134
421	1.0	0.0	1.0	-1.0	-1	0.12013287454608663	0.8798671254539134
422	1.0	0.0	1.0	1.0	-1	0.12013287454608663	0.8798671254539134
423	1.0	0.0	1.0	-1.0	-1	0.12013287454608663	0.8798671254539134
424	1.0	0.0	1.0	-1.0	-1	0.12013287454608663	0.8798671254539134
425	1.0	0.0	1.0	-1.0	-1	0.12013287454608663	0.8798671254539134
426	1.0	0.0	1.0	-1.0	-1	0.12013287454608663	0.8798671254539134
427	1.0	0.0	1.0	1.0	-1	0.12013287454608663	0.8798671254539134
428	1.0	0.0	0.0	-1.0	1	0.7108962087681167	0.28910379123188334
429	1.0	0.0	1.0	-1.0	-1	0.12013287454608663	0.8798671254539134
430	1.0	0.0	1.0	1.0	-1	0.12013287454608663	0.8798671254539134
431	1.0	0.0	1.0	-1.0	-1	0.12013287454608663	0.8798671254539134
432	1.0	0.0	1.0	1.0	-1	0.12013287454608663	0.8798671254539134
433	1.0	0.0	1.0	-1.0	-1	0.12013287454608663	0.8798671254539134
434	0.0	0.0	0.0	-1.0	1	0.9055051849855459	0.09449481501445409
435	1.0	0.0	1.0	-1.0	-1	0.12013287454608663	0.8798671254539134
436	1.0	0.0	1.0	-1.0	-1	0.12013287454608663	0.8798671254539134
437	0.0	0.0	1.0	-1.0	-1	0.3472917312532776	0.6527082687467225
438	1.0	0.0	0.0	1.0	1	0.7108962087681167	0.28910379123188334
439	1.0	0.0	1.0	-1.0	-1	0.12013287454608663	0.8798671254539134
440	1.0	0.0	0.0	1.0	1	0.7108962087681167	0.28910379123188334
441	1.0	0.0	1.0	-1.0	-1	0.12013287454608663	0.8798671254539134
442	1.0	0.0	0.0	1.0	1	0.7108962087681167	0.28910379123188334
443	1.0	0.0	1.0	-1.0	-1	0.12013287454608663	0.8798671254539134
444	1.0	0.0	1.0	-1.0	-1	0.12013287454608663	0.8798671254539134
445	1.0	0.0	1.0	-1.0	-1	0.12013287454608663	0.8798671254539134
446	1.0	0.0	1.0	1.0	-1	0.12013287454608663	0.8798671254539134
447	1.0	0.0	1.0	-1.0	-1	0.12013287454608663	0.8798671254539134
448	1.0	0.0	1.0	1.0	-1	0.12013287454608663	0.8798671254539134
449	1.0	0.0	1.0	-1.0	-1	0.12013287454608663	0.8798671254539134
450	1.0	0.0	1.0	-1.0	-1	0.12013287454608663	0.8798671254539134
451	0.0	0.0	1.0	-1.0	-1	0.3472917312532776	0.6527082687467225
452	0.0	0.0	1.0	-1.0	-1	0.3472917312532776	0.6527082687467225
453	1.0	0.0	0.0	-1.0	1	0.7108962087681167	0.28910379123188334
454	1.0	0.0	1.0	1.0	-1	0.12013287454608663	0.8798671254539134
455	0.0	0.0	1.0	-1.0	-1	0.3472917312532776	0.6527082687467225
456	0.0	0.0	0.0	1.0	1	0.9055051849855459	0.09449481501445409
457	1.0	0.0	1.0	-1.0	-1	0.12013287454608663	0.8798671254539134
458	1.0	0.0	1.0	1.0	-1	0.12013287454608663	0.8798671254539134
459	0.0	0.0	1.0	-1.0	-1	0.3472917312532776	0.6527082687467225
460	1.0	0.0	1.0	1.0	-1	0.12013287454608663	0.8798671254539134
461	0.0	0.0	0.0	1.0	1	0.9055051849855459	0.09449481501445409
462	1.0	0.0	1.0	1.0	-1	0.12013287454608663	0.8798671254539134
463	1.0	0.0	1.0	-1.0	-1	0.12013287454608663	0.8798671254539134
464	1.0	0.0	1.0	-1.0	-1	0.12013287454608663	0.8798671254539134
465	1.0	0.0	0.0	1.0	1	0.7108962087681167	0.28910379123188334
466	1.0	0.0	1.0	-1.0	-1	0.12013287454608663	0.8798671254539134
467	1.0	0.0	0.0	-1.0	1	0.7108962087681167	0.28910379123188334
468	1.0	0.0	1.0	1.0	-1	0.12013287454608663	0.8798671254539134
469	0.0	0.0	1.0	1.0	-1	0.3472917312532776	0.6527082687467225
470	1.0	0.0	1.0	-1.0	-1	0.12013287454608663	0.8798671254539134
471	1.0	0.0	1.0	-1.0	-1	0.12013287454608663	0.8798671254539134
472	0.0	0.0	1.0	-1.0	-1	0.3472917312532776	0.6527082687467225
473	1.0	0.0	1.0	-1.0	-1	0.12013287454608663	0.8798671254539134
474	1.0	0.0	1.0	1.0	-1	0.12013287454608663	0.8798671254539134
475	0.0	0.0	1.0	-1.0	-1	0.3472917312532776	0.6527082687467225
476	1.0	0.0	1.0	-1.0	-1	0.12013287454608663	0.8798671254539134
477	1.0	0.0	1.0	-1.0	-1	0.12013287454608663	0.8798671254539134
478	1.0	0.0	1.0	-1.0	-1	0.12013287454608663	0.8798671254539134
479	1.0	0.0	1.0	-1.0	-1	0.12013287454608663	0.8798671254539134
480	1.0	0.0	1.0	-1.0	-1	0.12013287454608663	0.8798671254539134
481	0.0	0.0	1.0	-1.0	-1	0.3472917312532776	0.6527082687467225
482	1.0	0.0	1.0	-1.0	-1	0.12013287454608663	0.8798671254539134
483	1.0	0.0	1.0	-1.0	-1	0.12013287454608663	0.8798671254539134
484	0.0	0.0	1.0	1.0	-1	0.3472917312532776	0.6527082687467225
485	1.0	0.0	0.0	1.0	1	0.7108962087681167	0.28910379123188334
486	1.0	0.0	0.0	-1.0	1	0.7108962087681167	0.28910379123188334
487	1.0	0.0	1.0	-1.0	-1	0.12013287454608663	0.8798671254539134
488	0.0	0.0	0.0	-1.0	1	0.9055051849855459	0.09449481501445409
489	0.0	0.0	0.0	1.0	1	0.9055051849855459	0.09449481501445409
490	1.0	0.0	1.0	-1.0	-1	0.12013287454608663	0.8798671254539134
491	1.0	0.0	0.0	1.0	1	0.7108962087681167	0.28910379123188334
492	1.0	0.0	1.0	-1.0	-1	0.12013287454608663	0.8798671254539134
493	0.0	0.0	1.0	-1.0	-1	0.3472917312532776	0.6527082687467225
494	1.0	0.0	1.0	-1.0	-1	0.12013287454608663	0.8798671254539134
495	1.0	0.0	1.0	-1.0	-1	0.12013287454608663	0.8798671254539134
496	0.0	0.0	0.0	1.0	1	0.9055051849855459	0.09449481501445409
497	1.0	0.0	1.0	-1.0	-1	0.12013287454608663	0.8798671254539134
498	1.0	0.0	1.0	-1.0	-1	0.12013287454608663	0.8798671254539134
499	1.0	0.0	0.0	-1.0	1	0.7108962087681167	0.28910379123188334
500	0.0	0.0	0.0	-1.0	1	0.9055051849855459	0.09449481501445409
501	1.0	0.0	1.0	-1.0	-1	0.12013287454608663	0.8798671254539134
502	1.0	0.0	1.0	1.0	-1	0.12013287454608663	0.8798671254539134
503	0.0	0.0	1.0	-1.0	-1	0.3472917312532776	0.6527082687467225
504	1.0	0.0	1.0	1.0	-1	0.12013287454608663	0.8798671254539134
505	0.0	0.0	0.0	1.0	1	0.9055051849855459	0.09449481501445409
506	1.0	0.0	0.0	1.0	1	0.7108962087681167	0.28910379123188334
507	1.0	0.0	1.0	1.0	-1	0.12013287454608663	0.8798671254539134
508	1.0	0.0	1.0	-1.0	-1	0.12013287454608663	0.8798671254539134
509	1.0	0.0	1.0	-1.0	-1	0.12013287454608663	0.8798671254539134
510	1.0	0.0	1.0	1.0	-1	0.12013287454608663	0.8798671254539134
511	1.0	0.0	1.0	-1.0	-1	0.12013287454608663	0.8798671254539134
512	1.0	0.0	1.0	-1.0	-1	0.12013287454608663	0.8798671254539134
513	1.0	0.0	1.0	-1.0	-1	0.12013287454608663	0.8798671254539134
514	0.0	0.0	0.0	1.0	1	0.9055051849855459	0.09449481501445409
515	0.0	0.0	1.0	-1.0	-1	0.3472917312532776	0.6527082687467225
516	1.0	0.0	1.0	-1.0	-1	0.12013287454608663	0.8798671254539134
517	1.0	1.0	0.0	-1.0	1	0.7444784345423325	0.2555215654576674
518	1.0	0.0	1.0	-1.0	-1	0.12013287454608663	0.8798671254539134
519	1.0	0.0	1.0	-1.0	-1	0.12013287454608663	0.8798671254539134
520	1.0	0.0	1.0	-1.0	-1	0.12013287454608663	0.8798671254539134
521	1.0	0.0	1.0	-1.0	-1	0.12013287454608663	0.8798671254539134
522	0.0	0.0	0.0	1.0	1	0.9055051849855459	0.09449481501445409
523	1.0	0.0	1.0	-1.0	-1	0.12013287454608663	0.8798671254539134
524	1.0	0.0	1.0	-1.0	-1	0.12013287454608663	0.8798671254539134
525	1.0	0.0	1.0	1.0	-1	0.12013287454608663	0.8798671254539134
526	0.0	0.0	1.0	-1.0	-1	0.3472917312532776	0.6527082687467225
527	1.0	0.0	0.0	1.0	1	0.7108962087681167	0.28910379123188334
528	1.0	0.0	1.0	1.0	-1	0.12013287454608663	0.8798671254539134
529	1.0	0.0	1.0	-1.0	-1	0.12013287454608663	0.8798671254539134
530	1.0	0.0	1.0	1.0	-1	0.12013287454608663	0.8798671254539134
531	1.0	0.0	0.0	-1.0	1	0.7108962087681167	0.28910379123188334
532	0.0	0.0	0.0	1.0	1	0.9055051849855459	0.09449481501445409
533	1.0	0.0	0.0	1.0	1	0.7108962087681167	0.28910379123188334
534	0.0	0.0	1.0	-1.0	-1	0.3472917312532776	0.6527082687467225
535	0.0	0.0	1.0	-1.0	-1	0.3472917312532776	0.6527082687467225
536	1.0	0.0	1.0	-1.0	-1	0.12013287454608663	0.8798671254539134
537	1.0	0.0	1.0	-1.0	-1	0.12013287454608663	0.8798671254539134
538	1.0	0.0	0.0	1.0	1	0.7108962087681167	0.28910379123188334
539	1.0	1.0	0.0	1.0	1	0.7444784345423325	0.2555215654576674
540	1.0	0.0	1.0	-1.0	-1	0.12013287454608663	0.8798671254539134
541	1.0	0.0	1.0	1.0	-1	0.12013287454608663	0.8798671254539134
542	0.0	0.0	1.0	1.0	-1	0.3472917312532776	0.6527082687467225
543	1.0	0.0	1.0	-1.0	-1	0.12013287454608663	0.8798671254539134
544	1.0	0.0	0.0	-1.0	1	0.7108962087681167	0.28910379123188334
545	1.0	0.0	1.0	-1.0	-1	0.12013287454608663	0.8798671254539134
546	1.0	0.0	1.0	-1.0	-1	0.12013287454608663	0.8798671254539134
547	1.0	0.0	0.0	1.0	1	0.7108962087681167	0.28910379123188334
548	0.0	0.0	0.0	1.0	1	0.9055051849855459	0.09449481501445409
549	0.0	0.0	0.0	1.0	1	0.9055051849855459	0.09449481501445409
550	1.0	0.0	1.0	1.0	-1	0.12013287454608663	0.8798671254539134
551	1.0	0.0	1.0	-1.0	-1	0.12013287454608663	0.8798671254539134
552	1.0	0.0	1.0	-1.0	-1	0.12013287454608663	0.8798671254539134
553	1.0	0.0	1.0	-1.0	-1	0.12013287454608663	0.8798671254539134
554	0.0	0.0	1.0	1.0	-1	0.3472917312532776	0.6527082687467225
555	1.0	0.0	1.0	-1.0	-1	0.12013287454608663	0.8798671254539134
556	0.0	0.0	1.0	-1.0	-1	0.3472917312532776	0.6527082687467225
557	1.0	0.0	1.0	-1.0	-1	0.12013287454608663	0.8798671254539134
558	1.0	0.0	1.0	1.0	-1	0.12013287454608663	0.8798671254539134
559	1.0	0.0	1.0	-1.0	-1	0.12013287454608663	0.8798671254539134
560	1.0	0.0	1.0	-1.0	-1	0.12013287454608663	0.8798671254539134
561	1.0	0.0	1.0	-1.0	-1	0.12013287454608663	0.8798671254539134
562	0.0	0.0	1.0	-1.0	-1	0.3472917312532776	0.6527082687467225
563	1.0	0.0	1.0	-1.0	-1	0.12013287454608663	0.8798671254539134
564	0.0	0.0	1.0	-1.0	-1	0.3472917312532776	0.6527082687467225
565	1.0	0.0	1.0	-1.0	-1	0.12013287454608663	0.8798671254539134
566	0.0	0.0	1.0	-1.0	-1	0.3472917312532776	0.6527082687467225
567	1.0	0.0	1.0	-1.0	-1	0.12013287454608663	0.8798671254539134
568	0.0	0.0	1.0	1.0	-1	0.3472917312532776	0.6527082687467225
569	1.0	0.0	1.0	1.0	-1	0.12013287454608663	0.8798671254539134
570	1.0	0.0	1.0	-1.0	-1	0.12013287454608663	0.8798671254539134
571	0.0	0.0	1.0	-1.0	-1	0.3472917312532776	0.6527082687467225
572	1.0	0.0	1.0	1.0	-1	0.12013287454608663	0.8798671254539134
573	1.0	0.0	1.0	-1.0	-1	0.12013287454608663	0.8798671254539134
574	1.0	0.0	1.0	-1.0	-1	0.12013287454608663	0.8798671254539134
575	0.0	0.0	1.0	-1.0	-1	0.3472917312532776	0.6527082687467225
576	1.0	0.0	0.0	-1.0	1	0.7108962087681167	0.28910379123188334
577	1.0	0.0	0.0	1.0	1	0.7108962087681167	0.28910379123188334
578	1.0	0.0	0.0	-1.0	1	0.7108962087681167	0.28910379123188334
579	1.0	0.0	1.0	-1.0	-1	0.12013287454608663	0.8798671254539134
580	0.0	0.0	0.0	1.0	1	0.9055051849855459	0.09449481501445409
581	1.0	0.0	0.0	1.0	1	0.7108962087681167	0.28910379123188334
582	1.0	0.0	1.0	-1.0	-1	0.12013287454608663	0.8798671254539134
583	1.0	0.0	1.0	-1.0	-1	0.12013287454608663	0.8798671254539134
584	1.0	0.0	1.0	-1.0	-1	0.12013287454608663	0.8798671254539134
585	0.0	0.0	0.0	-1.0	1	0.9055051849855459	0.09449481501445409
586	0.0	0.0	0.0	1.0	1	0.9055051849855459	0.09449481501445409
587	1.0	0.0	1.0	1.0	-1	0.12013287454608663	0.8798671254539134
588	1.0	0.0	1.0	-1.0	-1	0.12013287454608663	0.8798671254539134
589	1.0	0.0	1.0	1.0	-1	0.12013287454608663	0.8798671254539134
590	0.0	0.0	0.0	1.0	1	0.9055051849855459	0.09449481501445409
591	0.0	0.0	0.0	1.0	1	0.9055051849855459	0.09449481501445409
592	1.0	0.0	1.0	-1.0	-1	0.12013287454608663	0.8798671254539134
593	1.0	0.0	1.0	-1.0	-1	0.12013287454608663	0.8798671254539134
594	1.0	0.0	1.0	-1.0	-1	0.12013287454608663	0.8798671254539134
595	1.0	0.0	1.0	-1.0	-1	0.12013287454608663	0.8798671254539134
596	1.0	0.0	1.0	-1.0	-1	0.12013287454608663	0.8798671254539134
597	1.0	0.0	1.0	-1.0	-1	0.12013287454608663	0.8798671254539134
598	0.0	0.0	0.0	1.0	1	0.9055051849855459	0.09449481501445409
599	0.0	0.0	1.0	-1.0	-1	0.3472917312532776	0.6527082687467225
600	0.0	0.0	1.0	1.0	-1	0.3472917312532776	0.6527082687467225
601	0.0	0.0	0.0	1.0	1	0.9055051849855459	0.09449481501445409
602	1.0	0.0	1.0	-1.0	-1	0.12013287454608663	0.8798671254539134
603	1.0	0.0	1.0	-1.0	-1	0.12013287454608663	0.8798671254539134
604	1.0	0.0	1.0	-1.0	-1	0.12013287454608663	0.8798671254539134
605	0.0	0.0	0.0	1.0	1	0.9055051849855459	0.09449481501445409
606	1.0	0.0	1.0	1.0	-1	0.12013287454608663	0.8798671254539134
607	1.0	0.0	1.0	-1.0	-1	0.12013287454608663	0.8798671254539134
608	1.0	0.0	1.0	-1.0	-1	0.12013287454608663	0.8798671254539134
609	1.0	0.0	1.0	1.0	-1	0.12013287454608663	0.8798671254539134
610	0.0	0.0	1.0	-1.0	-1	0.3472917312532776	0.6527082687467225
611	1.0	1.0	1.0	1.0	-1	0.1392496567809075	0.8607503432190925
612	1.0	0.0	1.0	-1.0	-1	0.12013287454608663	0.8798671254539134
613	0.0	0.0	1.0	1.0	-1	0.3472917312532776	0.6527082687467225
614	1.0	0.0	0.0	1.0	1	0.7108962087681167	0.28910379123188334
615	1.0	0.0	1.0	-1.0	-1	0.12013287454608663	0.8798671254539134
616	1.0	0.0	1.0	-1.0	-1	0.12013287454608663	0.8798671254539134
617	0.0	0.0	0.0	1.0	1	0.9055051849855459	0.09449481501445409
618	1.0	0.0	1.0	-1.0	-1	0.12013287454608663	0.8798671254539134
619	1.0	0.0	1.0	1.0	-1	0.12013287454608663	0.8798671254539134
620	0.0	0.0	1.0	-1.0	-1	0.3472917312532776	0.6527082687467225
621	0.0	0.0	1.0	1.0	-1	0.3472917312532776	0.6527082687467225
622	1.0	0.0	1.0	-1.0	-1	0.12013287454608663	0.8798671254539134
623	1.0	0.0	1.0	-1.0	-1	0.12013287454608663	0.8798671254539134
624	1.0	1.0	0.0	-1.0	1	0.7444784345423325	0.2555215654576674
625	1.0	0.0	1.0	-1.0	-1	0.12013287454608663	0.8798671254539134
626	1.0	0.0	0.0	-1.0	1	0.7108962087681167	0.28910379123188334
627	0.0	0.0	1.0	-1.0	-1	0.3472917312532776	0.6527082687467225
628	1.0	0.0	1.0	-1.0	-1	0.12013287454608663	0.8798671254539134
629	0.0	0.0	0.0	-1.0	1	0.9055051849855459	0.09449481501445409
630	1.0	0.0	1.0	-1.0	-1	0.12013287454608663	0.8798671254539134
631	1.0	0.0	1.0	-1.0	-1	0.12013287454608663	0.8798671254539134
632	1.0	0.0	1.0	-1.0	-1	0.12013287454608663	0.8798671254539134
633	1.0	0.0	1.0	1.0	-1	0.12013287454608663	0.8798671254539134
634	1.0	0.0	1.0	1.0	-1	0.12013287454608663	0.8798671254539134
635	0.0	0.0	0.0	1.0	1	0.9055051849855459	0.09449481501445409
636	1.0	0.0	1.0	-1.0	-1	0.12013287454608663	0.8798671254539134
637	1.0	0.0	1.0	-1.0	-1	0.12013287454608663	0.8798671254539134
638	1.0	0.0	1.0	-1.0	-1	0.12013287454608663	0.8798671254539134
639	1.0	0.0	1.0	-1.0	-1	0.12013287454608663	0.8798671254539134
640	1.0	0.0	1.0	1.0	-1	0.12013287454608663	0.8798671254539134
641	0.0	0.0	0.0	1.0	1	0.9055051849855459	0.09449481501445409
642	1.0	0.0	1.0	-1.0	-1	0.12013287454608663	0.8798671254539134
643	1.0	0.0	1.0	-1.0	-1	0.12013287454608663	0.8798671254539134
644	1.0	0.0	1.0	-1.0	-1	0.12013287454608663	0.8798671254539134
645	1.0	0.0	1.0	-1.0	-1	0.12013287454608663	0.8798671254539134
646	1.0	0.0	0.0	1.0	1	0.7108962087681167	0.28910379123188334
647	0.0	0.0	0.0	1.0	1	0.9055051849855459	0.09449481501445409
648	1.0	0.0	1.0	-1.0	-1	0.12013287454608663	0.8798671254539134
649	1.0	0.0	1.0	-1.0	-1	0.12013287454608663	0.8798671254539134
650	1.0	0.0	0.0	1.0	1	0.7108962087681167	0.28910379123188334
651	1.0	0.0	1.0	-1.0	-1	0.12013287454608663	0.8798671254539134
652	0.0	0.0	1.0	1.0	-1	0.3472917312532776	0.6527082687467225
653	1.0	0.0	0.0	-1.0	1	0.7108962087681167	0.28910379123188334
654	0.0	0.0	1.0	-1.0	-1	0.3472917312532776	0.6527082687467225
655	1.0	0.0	1.0	-1.0	-1	0.12013287454608663	0.8798671254539134
656	0.0	0.0	1.0	1.0	-1	0.3472917312532776	0.6527082687467225
657	1.0	0.0	1.0	-1.0	-1	0.12013287454608663	0.8798671254539134
658	1.0	0.0	1.0	-1.0	-1	0.12013287454608663	0.8798671254539134
659	1.0	0.0	0.0	-1.0	1	0.7108962087681167	0.28910379123188334
660	0.0	0.0	0.0	1.0	1	0.9055051849855459	0.09449481501445409
661	1.0	0.0	1.0	-1.0	-1	0.12013287454608663	0.8798671254539134
662	1.0	0.0	0.0	1.0	1	0.7108962087681167	0.28910379123188334
663	1.0	0.0	1.0	-1.0	-1	0.12013287454608663	0.8798671254539134
664	1.0	0.0	1.0	-1.0	-1	0.12013287454608663	0.8798671254539134
665	1.0	0.0	1.0	1.0	-1	0.12013287454608663	0.8798671254539134
666	1.0	0.0	1.0	-1.0	-1	0.12013287454608663	0.8798671254539134
667	1.0	0.0	1.0	-1.0	-1	0.12013287454608663	0.8798671254539134
668	1.0	0.0	1.0	-1.0	-1	0.12013287454608663	0.8798671254539134
669	1.0	0.0	1.0	-1.0	-1	0.12013287454608663	0.8798671254539134
670	1.0	0.0	0.0	-1.0	1	0.7108962087681167	0.28910379123188334
671	0.0	0.0	0.0	1.0	1	0.9055051849855459	0.09449481501445409
672	1.0	1.0	0.0	-1.0	1	0.7444784345423325	0.2555215654576674
673	1.0	0.0	0.0	-1.0	1	0.7108962087681167	0.28910379123188334
674	1.0	0.0	1.0	-1.0	-1	0.12013287454608663	0.8798671254539134
675	1.0	0.0	1.0	-1.0	-1	0.12013287454608663	0.8798671254539134
676	0.0	0.0	0.0	1.0	1	0.9055051849855459	0.09449481501445409
677	1.0	0.0	1.0	-1.0	-1	0.12013287454608663	0.8798671254539134
678	0.0	0.0	1.0	-1.0	-1	0.3472917312532776	0.6527082687467225
679	0.0	0.0	1.0	-1.0	-1	0.3472917312532776	0.6527082687467225
680	1.0	0.0	1.0	-1.0	-1	0.12013287454608663	0.8798671254539134
681	1.0	0.0	1.0	-1.0	-1	0.12013287454608663	0.8798671254539134
682	1.0	0.0	1.0	1.0	-1	0.12013287454608663	0.8798671254539134
683	1.0	0.0	1.0	-1.0	-1	0.12013287454608663	0.8798671254539134
684	1.0	0.0	1.0	1.0	-1	0.12013287454608663	0.8798671254539134
685	1.0	0.0	1.0	-1.0	-1	0.12013287454608663	0.8798671254539134
686	1.0	0.0	1.0	-1.0	-1	0.12013287454608663	0.8798671254539134
687	1.0	0.0	1.0	-1.0	-1	0.12013287454608663	0.8798671254539134
688	1.0	0.0	1.0	-1.0	-1	0.12013287454608663	0.8798671254539134
689	1.0	0.0	0.0	1.0	1	0.7108962087681167	0.28910379123188334
690	0.0	0.0	1.0	1.0	-1	0.3472917312532776	0.6527082687467225
691	0.0	0.0	0.0	1.0	1	0.9055051849855459	0.09449481501445409
692	1.0	0.0	1.0	-1.0	-1	0.12013287454608663	0.8798671254539134
693	1.0	0.0	1.0	-1.0	-1	0.12013287454608663	0.8798671254539134
694	1.0	0.0	0.0	-1.0	1	0.7108962087681167	0.28910379123188334
695	0.0	0.0	1.0	-1.0	-1	0.3472917312532776	0.6527082687467225
696	1.0	0.0	1.0	-1.0	-1	0.12013287454608663	0.8798671254539134
697	1.0	0.0	0.0	-1.0	1	0.7108962087681167	0.28910379123188334
698	0.0	0.0	0.0	1.0	1	0.9055051849855459	0.09449481501445409
699	1.0	0.0	1.0	1.0	-1	0.12013287454608663	0.8798671254539134
700	1.0	0.0	1.0	-1.0	-1	0.12013287454608663	0.8798671254539134
701	1.0	0.0	1.0	-1.0	-1	0.12013287454608663	0.8798671254539134
702	1.0	0.0	1.0	-1.0	-1	0.12013287454608663	0.8798671254539134
703	1.0	0.0	1.0	1.0	-1	0.12013287454608663	0.8798671254539134
704	0.0	0.0	0.0	1.0	1	0.9055051849855459	0.09449481501445409
705	1.0	0.0	1.0	-1.0	-1	0.12013287454608663	0.8798671254539134
706	1.0	0.0	1.0	-1.0	-1	0.12013287454608663	0.8798671254539134
707	1.0	0.0	1.0	-1.0	-1	0.12013287454608663	0.8798671254539134
708	1.0	0.0	1.0	-1.0	-1	0.12013287454608663	0.8798671254539134
709	0.0	0.0	0.0	1.0	1	0.9055051849855459	0.09449481501445409
710	1.0	0.0	1.0	-1.0	-1	0.12013287454608663	0.8798671254539134
711	1.0	0.0	1.0	-1.0	-1	0.12013287454608663	0.8798671254539134
712	1.0	0.0	0.0	1.0	1	0.7108962087681167	0.28910379123188334
713	1.0	0.0	1.0	-1.0	-1	0.12013287454608663	0.8798671254539134
714	0.0	0.0	0.0	1.0	1	0.9055051849855459	0.09449481501445409
715	1.0	0.0	0.0	-1.0	1	0.7108962087681167	0.28910379123188334
716	1.0	0.0	1.0	-1.0	-1	0.12013287454608663	0.8798671254539134
717	1.0	0.0	1.0	-1.0	-1	0.12013287454608663	0.8798671254539134
718	0.0	0.0	0.0	1.0	1	0.9055051849855459	0.09449481501445409
719	1.0	0.0	1.0	-1.0	-1	0.12013287454608663	0.8798671254539134
720	0.0	0.0	0.0	1.0	1	0.9055051849855459	0.09449481501445409
721	1.0	0.0	0.0	1.0	1	0.7108962087681167	0.28910379123188334
722	0.0	0.0	1.0	-1.0	-1	0.3472917312532776	0.6527082687467225
723	0.0	0.0	1.0	-1.0	-1	0.3472917312532776	0.6527082687467225
724	1.0	0.0	1.0	-1.0	-1	0.12013287454608663	0.8798671254539134
725	1.0	0.0	0.0	-1.0	1	0.7108962087681167	0.28910379123188334
726	0.0	0.0	0.0	1.0	1	0.9055051849855459	0.09449481501445409
727	1.0	0.0	0.0	-1.0	1	0.7108962087681167	0.28910379123188334
728	1.0	0.0	1.0	-1.0	-1	0.12013287454608663	0.8798671254539134
729	1.0	0.0	1.0	-1.0	-1	0.12013287454608663	0.8798671254539134
730	0.0	0.0	0.0	1.0	1	0.9055051849855459	0.09449481501445409
731	1.0	0.0	1.0	1.0	-1	0.12013287454608663	0.8798671254539134
732	1.0	0.0	1.0	-1.0	-1	0.12013287454608663	0.8798671254539134
733	1.0	0.0	1.0	-1.0	-1	0.12013287454608663	0.8798671254539134
734	1.0	0.0	1.0	-1.0	-1	0.12013287454608663	0.8798671254539134
735	1.0	0.0	1.0	-1.0	-1	0.12013287454608663	0.8798671254539134
736	1.0	0.0	1.0	-1.0	-1	0.12013287454608663	0.8798671254539134
737	1.0	0.0	0.0	1.0	1	0.7108962087681167	0.28910379123188334
738	0.0	0.0	0.0	1.0	1	0.9055051849855459	0.09449481501445409
739	1.0	0.0	1.0	-1.0	-1	0.12013287454608663	0.8798671254539134
740	1.0	0.0	1.0	1.0	-1	0.12013287454608663	0.8798671254539134
741	1.0	0.0	0.0	1.0	1	0.7108962087681167	0.28910379123188334
742	0.0	0.0	1.0	1.0	-1	0.3472917312532776	0.6527082687467225
743	1.0	0.0	1.0	-1.0	-1	0.12013287454608663	0.8798671254539134
744	1.0	0.0	1.0	-1.0	-1	0.12013287454608663	0.8798671254539134
745	1.0	0.0	0.0	-1.0	1	0.7108962087681167	0.28910379123188334
746	1.0	0.0	1.0	-1.0	-1	0.12013287454608663	0.8798671254539134
747	0.0	0.0	1.0	-1.0	-1	0.3472917312532776	0.6527082687467225
748	0.0	0.0	1.0	-1.0	-1	0.3472917312532776	0.6527082687467225
749	1.0	0.0	0.0	-1.0	1	0.7108962087681167	0.28910379123188334
750	0.0	0.0	1.0	-1.0	-1	0.3472917312532776	0.6527082687467225
751	0.0	0.0	0.0	1.0	1	0.9055051849855459	0.09449481501445409
752	1.0	0.0	1.0	-1.0	-1	0.12013287454608663	0.8798671254539134
753	0.0	1.0	0.0	1.0	1	0.9190556233152603	0.08094437668473972
754	0.0	0.0	1.0	-1.0	-1	0.3472917312532776	0.6527082687467225
755	0.0	0.0	1.0	1.0	-1	0.3472917312532776	0.6527082687467225
756	0.0	0.0	1.0	-1.0	-1	0.3472917312532776	0.6527082687467225
757	1.0	0.0	0.0	1.0	1	0.7108962087681167	0.28910379123188334
758	1.0	1.0	0.0	1.0	1	0.7444784345423325	0.2555215654576674
759	1.0	0.0	1.0	-1.0	-1	0.12013287454608663	0.8798671254539134
760	1.0	0.0	1.0	1.0	-1	0.12013287454608663	0.8798671254539134
761	1.0	0.0	1.0	-1.0	-1	0.12013287454608663	0.8798671254539134
762	1.0	0.0	0.0	-1.0	1	0.7108962087681167	0.28910379123188334
763	1.0	0.0	1.0	-1.0	-1	0.12013287454608663	0.8798671254539134
764	0.0	0.0	0.0	1.0	1	0.9055051849855459	0.09449481501445409
765	1.0	0.0	0.0	1.0	1	0.7108962087681167	0.28910379123188334
766	0.0	0.0	0.0	1.0	1	0.9055051849855459	0.09449481501445409
767	1.0	0.0	1.0	-1.0	-1	0.12013287454608663	0.8798671254539134
768	0.0	1.0	1.0	1.0	-1	0.38667066049048077	0.6133293395095192
769	1.0	0.0	1.0	-1.0	-1	0.12013287454608663	0.8798671254539134
770	1.0	0.0	1.0	-1.0	-1	0.12013287454608663	0.8798671254539134
771	1.0	0.0	1.0	-1.0	-1	0.12013287454608663	0.8798671254539134
772	1.0	0.0	1.0	1.0	-1	0.12013287454608663	0.8798671254539134
773	1.0	0.0	1.0	-1.0	-1	0.12013287454608663	0.8798671254539134
774	1.0	0.0	1.0	-1.0	-1	0.12013287454608663	0.8798671254539134
775	0.0	0.0	0.0	1.0	1	0.9055051849855459	0.09449481501445409
776	1.0	0.0	1.0	-1.0	-1	0.12013287454608663	0.8798671254539134
777	1.0	0.0	1.0	-1.0	-1	0.12013287454608663	0.8798671254539134
778	1.0	0.0	1.0	-1.0	-1	0.12013287454608663	0.8798671254539134
779	1.0	0.0	1.0	1.0	-1	0.12013287454608663	0.8798671254539134
780	0.0	0.0	0.0	1.0	1	0.9055051849855459	0.09449481501445409
781	1.0	0.0	1.0	1.0	-1	0.12013287454608663	0.8798671254539134
782	0.0	0.0	1.0	-1.0	-1	0.3472917312532776	0.6527082687467225
783	0.0	0.0	0.0	1.0	1	0.9055051849855459	0.09449481501445409
784	0.0	0.0	1.0	-1.0	-1	0.3472917312532776	0.6527082687467225
785	1.0	0.0	1.0	-1.0	-1	0.12013287454608663	0.8798671254539134
786	1.0	0.0	1.0	-1.0	-1	0.12013287454608663	0.8798671254539134
787	0.0	0.0	1.0	1.0	-1	0.3472917312532776	0.6527082687467225
788	1.0	0.0	1.0	-1.0	-1	0.12013287454608663	0.8798671254539134
789	1.0	0.0	1.0	-1.0	-1	0.12013287454608663	0.8798671254539134
790	1.0	0.0	1.0	-1.0	-1	0.12013287454608663	0.8798671254539134
791	1.0	0.0	1.0	-1.0	-1	0.12013287454608663	0.8798671254539134
792	1.0	0.0	1.0	1.0	-1	0.12013287454608663	0.8798671254539134
793	1.0	0.0	1.0	1.0	-1	0.12013287454608663	0.8798671254539134
794	0.0	0.0	0.0	1.0	1	0.9055051849855459	0.09449481501445409
795	1.0	0.0	0.0	-1.0	1	0.7108962087681167	0.28910379123188334
796	1.0	1.0	1.0	-1.0	-1	0.1392496567809075	0.8607503432190925
797	1.0	0.0	1.0	1.0	-1	0.12013287454608663	0.8798671254539134
798	1.0	0.0	1.0	-1.0	-1	0.12013287454608663	0.8798671254539134
799	1.0	0.0	0.0	-1.0	1	0.7108962087681167	0.28910379123188334
800	1.0	0.0	1.0	-1.0	-1	0.12013287454608663	0.8798671254539134
801	1.0	0.0	1.0	1.0	-1	0.12013287454608663	0.8798671254539134
802	0.0	1.0	0.0	1.0	1	0.9190556233152603	0.08094437668473972
803	1.0	0.0	1.0	-1.0	-1	0.12013287454608663	0.8798671254539134
804	1.0	0.0	1.0	1.0	-1	0.12013287454608663	0.8798671254539134
805	1.0	0.0	1.0	-1.0	-1	0.12013287454608663	0.8798671254539134
806	0.0	0.0	0.0	1.0	1	0.9055051849855459	0.09449481501445409
807	0.0	0.0	0.0	1.0	1	0.9055051849855459	0.09449481501445409
808	1.0	0.0	0.0	1.0	1	0.7108962087681167	0.28910379123188334
809	0.0	0.0	0.0	1.0	1	0.9055051849855459	0.09449481501445409
810	1.0	0.0	1.0	-1.0	-1	0.12013287454608663	0.8798671254539134
811	1.0	0.0	1.0	-1.0	-1	0.12013287454608663	0.8798671254539134
812	1.0	0.0	1.0	-1.0	-1	0.12013287454608663	0.8798671254539134
813	1.0	0.0	1.0	-1.0	-1	0.12013287454608663	0.8798671254539134
814	1.0	0.0	1.0	-1.0	-1	0.12013287454608663	0.8798671254539134
815	1.0	0.0	1.0	-1.0	-1	0.12013287454608663	0.8798671254539134
816	0.0	0.0	1.0	-1.0	-1	0.3472917312532776	0.6527082687467225
817	0.0	0.0	0.0	1.0	1	0.9055051849855459	0.09449481501445409
818	1.0	0.0	1.0	-1.0	-1	0.12013287454608663	0.8798671254539134
819	1.0	0.0	1.0	-1.0	-1	0.12013287454608663	0.8798671254539134
820	0.0	0.0	0.0	1.0	1	0.9055051849855459	0.09449481501445409
821	1.0	0.0	1.0	-1.0	-1	0.12013287454608663	0.8798671254539134
822	1.0	0.0	1.0	-1.0	-1	0.12013287454608663	0.8798671254539134
823	0.0	0.0	1.0	-1.0	-1	0.3472917312532776	0.6527082687467225
824	1.0	0.0	1.0	1.0	-1	0.12013287454608663	0.8798671254539134
825	1.0	0.0	1.0	-1.0	-1	0.12013287454608663	0.8798671254539134
826	1.0	0.0	1.0	-1.0	-1	0.12013287454608663	0.8798671254539134
827	1.0	0.0	0.0	1.0	1	0.7108962087681167	0.28910379123188334
828	1.0	0.0	1.0	-1.0	-1	0.12013287454608663	0.8798671254539134
829	1.0	0.0	1.0	-1.0	-1	0.12013287454608663	0.8798671254539134
830	1.0	0.0	1.0	-1.0	-1	0.12013287454608663	0.8798671254539134
831	1.0	0.0	1.0	-1.0	-1	0.12013287454608663	0.8798671254539134
832	1.0	0.0	1.0	-1.0	-1	0.12013287454608663	0.8798671254539134
833	0.0	0.0	0.0	1.0	1	0.9055051849855459	0.09449481501445409
834	1.0	0.0	1.0	-1.0	-1	0.12013287454608663	0.8798671254539134
835	1.0	0.0	1.0	-1.0	-1	0.12013287454608663	0.8798671254539134
836	0.0	0.0	1.0	-1.0	-1	0.3472917312532776	0.6527082687467225
837	1.0	0.0	1.0	-1.0	-1	0.12013287454608663	0.8798671254539134
838	1.0	0.0	1.0	-1.0	-1	0.12013287454608663	0.8798671254539134
839	1.0	0.0	1.0	-1.0	-1	0.12013287454608663	0.8798671254539134
840	1.0	0.0	1.0	-1.0	-1	0.12013287454608663	0.8798671254539134
841	0.0	0.0	0.0	1.0	1	0.9055051849855459	0.09449481501445409
842	1.0	0.0	1.0	-1.0	-1	0.12013287454608663	0.8798671254539134
843	0.0	0.0	1.0	-1.0	-1	0.3472917312532776	0.6527082687467225
844	1.0	0.0	0.0	-1.0	1	0.7108962087681167	0.28910379123188334
845	0.0	0.0	1.0	-1.0	-1	0.3472917312532776	0.6527082687467225
846	1.0	0.0	1.0	-1.0	-1	0.12013287454608663	0.8798671254539134
847	0.0	0.0	1.0	-1.0	-1	0.3472917312532776	0.6527082687467225
848	0.0	1.0	1.0	1.0	-1	0.38667066049048077	0.6133293395095192
849	1.0	0.0	1.0	1.0	-1	0.12013287454608663	0.8798671254539134
850	1.0	0.0	1.0	-1.0	-1	0.12013287454608663	0.8798671254539134
851	1.0	0.0	1.0	-1.0	-1	0.12013287454608663	0.8798671254539134
852	1.0	0.0	1.0	-1.0	-1	0.12013287454608663	0.8798671254539134
853	1.0	1.0	1.0	-1.0	-1	0.1392496567809075	0.8607503432190925
854	1.0	0.0	1.0	-1.0	-1	0.12013287454608663	0.8798671254539134
855	1.0	0.0	1.0	-1.0	-1	0.12013287454608663	0.8798671254539134
856	1.0	0.0	1.0	1.0	-1	0.12013287454608663	0.8798671254539134
857	1.0	0.0	1.0	-1.0	-1	0.12013287454608663	0.8798671254539134
858	1.0	0.0	0.0	-1.0	1	0.7108962087681167	0.28910379123188334
859	1.0	0.0	1.0	1.0	-1	0.12013287454608663	0.8798671254539134
860	1.0	0.0	1.0	-1.0	-1	0.12013287454608663	0.8798671254539134
861	0.0	0.0	1.0	-1.0	-1	0.3472917312532776	0.6527082687467225
862	0.0	0.0	1.0	-1.0	-1	0.3472917312532776	0.6527082687467225
863	0.0	0.0	1.0	-1.0	-1	0.3472917312532776	0.6527082687467225
864	1.0	0.0	1.0	-1.0	-1	0.12013287454608663	0.8798671254539134
865	1.0	0.0	1.0	-1.0	-1	0.12013287454608663	0.8798671254539134
866	0.0	0.0	0.0	1.0	1	0.9055051849855459	0.09449481501445409
867	1.0	0.0	1.0	-1.0	-1	0.12013287454608663	0.8798671254539134
868	1.0	0.0	1.0	-1.0	-1	0.12013287454608663	0.8798671254539134
869	1.0	0.0	1.0	-1.0	-1	0.12013287454608663	0.8798671254539134
870	1.0	0.0	1.0	-1.0	-1	0.12013287454608663	0.8798671254539134
871	1.0	0.0	1.0	1.0	-1	0.12013287454608663	0.8798671254539134
872	1.0	0.0	1.0	-1.0	-1	0.12013287454608663	0.8798671254539134
873	1.0	0.0	0.0	-1.0	1	0.7108962087681167	0.28910379123188334
874	1.0	0.0	1.0	-1.0	-1	0.12013287454608663	0.8798671254539134
875	1.0	0.0	1.0	1.0	-1	0.12013287454608663	0.8798671254539134
876	1.0	0.0	1.0	1.0	-1	0.12013287454608663	0.8798671254539134
877	1.0	0.0	1.0	-1.0	-1	0.12013287454608663	0.8798671254539134
878	1.0	0.0	1.0	-1.0	-1	0.12013287454608663	0.8798671254539134
879	1.0	0.0	1.0	1.0	-1	0.12013287454608663	0.8798671254539134
880	1.0	0.0	1.0	-1.0	-1	0.12013287454608663	0.8798671254539134
881	1.0	0.0	1.0	-1.0	-1	0.12013287454608663	0.8798671254539134
882	0.0	1.0	1.0	1.0	-1	0.38667066049048077	0.6133293395095192
883	1.0	0.0	1.0	-1.0	-1	0.12013287454608663	0.8798671254539134
884	1.0	0.0	1.0	-1.0	-1	0.12013287454608663	0.8798671254539134
885	0.0	0.0	1.0	-1.0	-1	0.3472917312532776	0.6527082687467225
886	1.0	0.0	1.0	-1.0	-1	0.12013287454608663	0.8798671254539134
887	1.0	0.0	1.0	-1.0	-1	0.12013287454608663	0.8798671254539134
888	1.0	0.0	1.0	-1.0	-1	0.12013287454608663	0.8798671254539134
889	0.0	0.0	1.0	-1.0	-1	0.3472917312532776	0.6527082687467225
890	1.0	0.0	1.0	1.0	-1	0.12013287454608663	0.8798671254539134
891	0.0	0.0	1.0	-1.0	-1	0.3472917312532776	0.6527082687467225
892	1.0	0.0	1.0	-1.0	-1	0.12013287454608663	0.8798671254539134
893	1.0	0.0	1.0	-1.0	-1	0.12013287454608663	0.8798671254539134
894	1.0	0.0	1.0	-1.0	-1	0.12013287454608663	0.8798671254539134
895	1.0	0.0	1.0	-1.0	-1	0.12013287454608663	0.8798671254539134
896	1.0	0.0	1.0	-1.0	-1	0.12013287454608663	0.8798671254539134
897	0.0	0.0	0.0	1.0	1	0.9055051849855459	0.09449481501445409
898	1.0	0.0	0.0	1.0	1	0.7108962087681167	0.28910379123188334
899	1.0	0.0	1.0	1.0	-1	0.12013287454608663	0.8798671254539134
900	1.0	0.0	1.0	1.0	-1	0.12013287454608663	0.8798671254539134
901	1.0	0.0	1.0	-1.0	-1	0.12013287454608663	0.8798671254539134
902	0.0	0.0	0.0	1.0	1	0.9055051849855459	0.09449481501445409
903	0.0	0.0	0.0	1.0	1	0.9055051849855459	0.09449481501445409
904	1.0	0.0	1.0	-1.0	-1	0.12013287454608663	0.8798671254539134
905	0.0	0.0	1.0	1.0	-1	0.3472917312532776	0.6527082687467225
906	0.0	0.0	1.0	-1.0	-1	0.3472917312532776	0.6527082687467225
907	1.0	0.0	1.0	-1.0	-1	0.12013287454608663	0.8798671254539134
908	0.0	0.0	1.0	-1.0	-1	0.3472917312532776	0.6527082687467225
909	1.0	0.0	1.0	-1.0	-1	0.12013287454608663	0.8798671254539134
910	1.0	0.0	1.0	1.0	-1	0.12013287454608663	0.8798671254539134
911	1.0	0.0	1.0	-1.0	-1	0.12013287454608663	0.8798671254539134
912	0.0	0.0	0.0	1.0	1	0.9055051849855459	0.09449481501445409
913	0.0	0.0	1.0	1.0	-1	0.3472917312532776	0.6527082687467225
914	1.0	0.0	1.0	-1.0	-1	0.12013287454608663	0.8798671254539134
915	1.0	0.0	1.0	1.0	-1	0.12013287454608663	0.8798671254539134
916	1.0	0.0	1.0	1.0	-1	0.12013287454608663	0.8798671254539134
917	0.0	0.0	1.0	-1.0	-1	0.3472917312532776	0.6527082687467225
918	1.0	1.0	1.0	1.0	-1	0.1392496567809075	0.8607503432190925
919	1.0	0.0	1.0	-1.0	-1	0.12013287454608663	0.8798671254539134
920	0.0	0.0	0.0	1.0	1	0.9055051849855459	0.09449481501445409
921	1.0	0.0	0.0	1.0	1	0.7108962087681167	0.28910379123188334
922	0.0	0.0	0.0	1.0	1	0.9055051849855459	0.09449481501445409
923	1.0	0.0	1.0	-1.0	-1	0.12013287454608663	0.8798671254539134
924	1.0	0.0	1.0	-1.0	-1	0.12013287454608663	0.8798671254539134
925	1.0	0.0	1.0	-1.0	-1	0.12013287454608663	0.8798671254539134
926	1.0	1.0	1.0	-1.0	-1	0.1392496567809075	0.8607503432190925
927	1.0	0.0	1.0	-1.0	-1	0.12013287454608663	0.8798671254539134
928	1.0	0.0	1.0	1.0	-1	0.12013287454608663	0.8798671254539134
929	1.0	0.0	1.0	1.0	-1	0.12013287454608663	0.8798671254539134
930	0.0	0.0	1.0	-1.0	-1	0.3472917312532776	0.6527082687467225
931	0.0	0.0	1.0	-1.0	-1	0.3472917312532776	0.6527082687467225
932	1.0	0.0	1.0	-1.0	-1	0.12013287454608663	0.8798671254539134
933	0.0	0.0	1.0	-1.0	-1	0.3472917312532776	0.6527082687467225
934	1.0	0.0	1.0	-1.0	-1	0.12013287454608663	0.8798671254539134
935	1.0	0.0	1.0	-1.0	-1	0.12013287454608663	0.8798671254539134
936	0.0	0.0	0.0	1.0	1	0.9055051849855459	0.09449481501445409
937	1.0	0.0	1.0	-1.0	-1	0.12013287454608663	0.8798671254539134
938	1.0	0.0	1.0	-1.0	-1	0.12013287454608663	0.8798671254539134
939	0.0	0.0	0.0	1.0	1	0.9055051849855459	0.09449481501445409
940	1.0	0.0	1.0	1.0	-1	0.12013287454608663	0.8798671254539134
941	1.0	0.0	1.0	1.0	-1	0.12013287454608663	0.8798671254539134
942	1.0	0.0	1.0	-1.0	-1	0.12013287454608663	0.8798671254539134
943	0.0	0.0	1.0	-1.0	-1	0.3472917312532776	0.6527082687467225
944	0.0	1.0	0.0	1.0	1	0.9190556233152603	0.08094437668473972
945	1.0	0.0	1.0	1.0	-1	0.12013287454608663	0.8798671254539134
946	1.0	0.0	0.0	-1.0	1	0.7108962087681167	0.28910379123188334
947	0.0	0.0	1.0	1.0	-1	0.3472917312532776	0.6527082687467225
948	0.0	0.0	0.0	1.0	1	0.9055051849855459	0.09449481501445409
949	0.0	0.0	1.0	-1.0	-1	0.3472917312532776	0.6527082687467225
950	1.0	0.0	1.0	-1.0	-1	0.12013287454608663	0.8798671254539134
951	1.0	0.0	1.0	1.0	-1	0.12013287454608663	0.8798671254539134
952	1.0	0.0	1.0	-1.0	-1	0.12013287454608663	0.8798671254539134
953	1.0	1.0	1.0	-1.0	-1	0.1392496567809075	0.8607503432190925
954	1.0	0.0	0.0	-1.0	1	0.7108962087681167	0.28910379123188334
955	0.0	0.0	1.0	-1.0	-1	0.3472917312532776	0.6527082687467225
956	1.0	0.0	1.0	-1.0	-1	0.12013287454608663	0.8798671254539134
957	1.0	0.0	1.0	-1.0	-1	0.12013287454608663	0.8798671254539134
958	1.0	0.0	1.0	-1.0	-1	0.12013287454608663	0.8798671254539134
959	0.0	0.0	0.0	1.0	1	0.9055051849855459	0.09449481501445409
960	1.0	0.0	1.0	1.0	-1	0.12013287454608663	0.8798671254539134
961	1.0	0.0	1.0	-1.0	-1	0.12013287454608663	0.8798671254539134
962	1.0	0.0	0.0	-1.0	1	0.7108962087681167	0.28910379123188334
963	1.0	0.0	1.0	-1.0	-1	0.12013287454608663	0.8798671254539134
964	1.0	0.0	1.0	-1.0	-1	0.12013287454608663	0.8798671254539134
965	1.0	0.0	1.0	-1.0	-1	0.12013287454608663	0.8798671254539134
966	0.0	0.0	1.0	-1.0	-1	0.3472917312532776	0.6527082687467225
967	1.0	0.0	0.0	1.0	1	0.7108962087681167	0.28910379123188334
968	1.0	0.0	1.0	-1.0	-1	0.12013287454608663	0.8798671254539134
969	1.0	0.0	1.0	-1.0	-1	0.12013287454608663	0.8798671254539134
970	1.0	0.0	1.0	-1.0	-1	0.12013287454608663	0.8798671254539134
971	0.0	0.0	1.0	-1.0	-1	0.3472917312532776	0.6527082687467225
972	0.0	0.0	1.0	-1.0	-1	0.3472917312532776	0.6527082687467225
973	1.0	0.0	1.0	-1.0	-1	0.12013287454608663	0.8798671254539134
974	0.0	0.0	0.0	1.0	1	0.9055051849855459	0.09449481501445409
975	1.0	0.0	1.0	-1.0	-1	0.12013287454608663	0.8798671254539134
976	0.0	0.0	0.0	1.0	1	0.9055051849855459	0.09449481501445409
977	1.0	0.0	1.0	-1.0	-1	0.12013287454608663	0.8798671254539134
978	0.0	0.0	0.0	1.0	1	0.9055051849855459	0.09449481501445409
979	0.0	0.0	0.0	1.0	1	0.9055051849855459	0.09449481501445409
980	1.0	0.0	0.0	1.0	1	0.7108962087681167	0.28910379123188334
981	0.0	0.0	1.0	1.0	-1	0.3472917312532776	0.6527082687467225
982	0.0	0.0	0.0	1.0	1	0.9055051849855459	0.09449481501445409
983	0.0	0.0	0.0	1.0	1	0.9055051849855459	0.09449481501445409
984	0.0	0.0	0.0	1.0	1	0.9055051849855459	0.09449481501445409
985	0.0	0.0	1.0	-1.0	-1	0.3472917312532776	0.6527082687467225
986	1.0	0.0	1.0	-1.0	-1	0.12013287454608663	0.8798671254539134
987	0.0	0.0	0.0	1.0	1	0.9055051849855459	0.09449481501445409
988	0.0	0.0	1.0	-1.0	-1	0.3472917312532776	0.6527082687467225
989	1.0	0.0	1.0	-1.0	-1	0.12013287454608663	0.8798671254539134
990	1.0	0.0	1.0	-1.0	-1	0.12013287454608663	0.8798671254539134
991	1.0	0.0	1.0	-1.0	-1	0.12013287454608663	0.8798671254539134
992	1.0	0.0	1.0	-1.0	-1	0.12013287454608663	0.8798671254539134
993	1.0	0.0	1.0	-1.0	-1	0.12013287454608663	0.8798671254539134
994	1.0	0.0	1.0	1.0	-1	0.12013287454608663	0.8798671254539134
995	1.0	0.0	1.0	-1.0	-1	0.12013287454608663	0.8798671254539134
996	1.0	0.0	1.0	-1.0	-1	0.12013287454608663	0.8798671254539134
997	1.0	0.0	1.0	-1.0	-1	0.12013287454608663	0.8798671254539134
998	1.0	0.0	1.0	-1.0	-1	0.12013287454608663	0.8798671254539134
999	1.0	0.0	1.0	-1.0	-1	0.12013287454608663	0.8798671254539134
1000	1.0	0.0	1.0	-1.0	-1	0.12013287454608663	0.8798671254539134
1001	1.0	0.0	1.0	-1.0	-1	0.12013287454608663	0.8798671254539134
1002	1.0	0.0	1.0	-1.0	-1	0.12013287454608663	0.8798671254539134
1003	1.0	0.0	1.0	-1.0	-1	0.12013287454608663	0.8798671254539134
1004	1.0	0.0	1.0	-1.0	-1	0.12013287454608663	0.8798671254539134
1005	0.0	0.0	0.0	1.0	1	0.9055051849855459	0.09449481501445409
1006	1.0	0.0	1.0	-1.0	-1	0.12013287454608663	0.8798671254539134
1007	1.0	0.0	1.0	-1.0	-1	0.12013287454608663	0.8798671254539134
1008	1.0	0.0	1.0	1.0	-1	0.12013287454608663	0.8798671254539134
1009	0.0	0.0	1.0	-1.0	-1	0.3472917312532776	0.6527082687467225
1010	0.0	0.0	1.0	-1.0	-1	0.3472917312532776	0.6527082687467225
1011	1.0	0.0	1.0	1.0	-1	0.12013287454608663	0.8798671254539134
1012	1.0	0.0	1.0	-1.0	-1	0.12013287454608663	0.8798671254539134
1013	1.0	0.0	1.0	-1.0	-1	0.12013287454608663	0.8798671254539134
1014	0.0	0.0	0.0	1.0	1	0.9055051849855459	0.09449481501445409
1015	1.0	0.0	1.0	-1.0	-1	0.12013287454608663	0.8798671254539134
1016	0.0	0.0	0.0	1.0	1	0.9055051849855459	0.09449481501445409
1017	0.0	0.0	1.0	-1.0	-1	0.3472917312532776	0.6527082687467225
1018	1.0	0.0	1.0	-1.0	-1	0.12013287454608663	0.8798671254539134
1019	1.0	0.0	1.0	-1.0	-1	0.12013287454608663	0.8798671254539134
1020	0.0	0.0	0.0	1.0	1	0.9055051849855459	0.09449481501445409
1021	1.0	0.0	1.0	-1.0	-1	0.12013287454608663	0.8798671254539134
1022	1.0	0.0	1.0	-1.0	-1	0.12013287454608663	0.8798671254539134
1023	1.0	0.0	0.0	1.0	1	0.7108962087681167	0.28910379123188334
1024	1.0	0.0	0.0	-1.0	1	0.7108962087681167	0.28910379123188334
1025	0.0	0.0	0.0	1.0	1	0.9055051849855459	0.09449481501445409
1026	0.0	0.0	1.0	-1.0	-1	0.3472917312532776	0.6527082687467225
1027	1.0	0.0	1.0	-1.0	-1	0.12013287454608663	0.8798671254539134
1028	1.0	0.0	1.0	-1.0	-1	0.12013287454608663	0.8798671254539134
1029	0.0	0.0	0.0	1.0	1	0.9055051849855459	0.09449481501445409
1030	1.0	0.0	1.0	-1.0	-1	0.12013287454608663	0.8798671254539134
1031	1.0	0.0	1.0	-1.0	-1	0.12013287454608663	0.8798671254539134
1032	1.0	0.0	1.0	1.0	-1	0.12013287454608663	0.8798671254539134
1033	1.0	0.0	1.0	-1.0	-1	0.12013287454608663	0.8798671254539134
1034	1.0	0.0	1.0	-1.0	-1	0.12013287454608663	0.8798671254539134
1035	1.0	0.0	0.0	1.0	1	0.7108962087681167	0.28910379123188334
1036	0.0	0.0	1.0	1.0	-1	0.3472917312532776	0.6527082687467225
1037	1.0	0.0	1.0	1.0	-1	0.12013287454608663	0.8798671254539134
1038	1.0	0.0	1.0	-1.0	-1	0.12013287454608663	0.8798671254539134
1039	1.0	0.0	1.0	-1.0	-1	0.12013287454608663	0.8798671254539134
1040	0.0	1.0	0.0	1.0	1	0.9190556233152603	0.08094437668473972
1041	0.0	0.0	1.0	-1.0	-1	0.3472917312532776	0.6527082687467225
1042	0.0	0.0	1.0	-1.0	-1	0.3472917312532776	0.6527082687467225
1043	1.0	0.0	1.0	-1.0	-1	0.12013287454608663	0.8798671254539134
1044	1.0	0.0	1.0	-1.0	-1	0.12013287454608663	0.8798671254539134
1045	0.0	0.0	1.0	-1.0	-1	0.3472917312532776	0.6527082687467225
1046	1.0	0.0	1.0	-1.0	-1	0.12013287454608663	0.8798671254539134
1047	0.0	0.0	0.0	1.0	1	0.9055051849855459	0.09449481501445409
1048	1.0	0.0	1.0	-1.0	-1	0.12013287454608663	0.8798671254539134
1049	1.0	0.0	1.0	-1.0	-1	0.12013287454608663	0.8798671254539134
1050	1.0	0.0	1.0	-1.0	-1	0.12013287454608663	0.8798671254539134
1051	1.0	0.0	1.0	-1.0	-1	0.12013287454608663	0.8798671254539134
1052	1.0	0.0	1.0	1.0	-1	0.12013287454608663	0.8798671254539134
1053	1.0	0.0	0.0	1.0	1	0.7108962087681167	0.28910379123188334
1054	0.0	0.0	0.0	1.0	1	0.9055051849855459	0.09449481501445409
1055	0.0	0.0	1.0	1.0	-1	0.3472917312532776	0.6527082687467225
1056	0.0	0.0	1.0	-1.0	-1	0.3472917312532776	0.6527082687467225
1057	1.0	0.0	1.0	-1.0	-1	0.12013287454608663	0.8798671254539134
1058	1.0	0.0	1.0	1.0	-1	0.12013287454608663	0.8798671254539134
1059	1.0	0.0	0.0	1.0	1	0.7108962087681167	0.28910379123188334
1060	1.0	0.0	1.0	-1.0	-1	0.12013287454608663	0.8798671254539134
1061	1.0	0.0	1.0	-1.0	-1	0.12013287454608663	0.8798671254539134
1062	1.0	0.0	1.0	-1.0	-1	0.12013287454608663	0.8798671254539134
1063	0.0	0.0	1.0	-1.0	-1	0.3472917312532776	0.6527082687467225
1064	1.0	0.0	0.0	1.0	1	0.7108962087681167	0.28910379123188334
1065	1.0	0.0	1.0	-1.0	-1	0.12013287454608663	0.8798671254539134
1066	1.0	0.0	1.0	1.0	-1	0.12013287454608663	0.8798671254539134
1067	1.0	0.0	1.0	-1.0	-1	0.12013287454608663	0.8798671254539134
1068	1.0	0.0	1.0	1.0	-1	0.12013287454608663	0.8798671254539134
1069	1.0	0.0	1.0	-1.0	-1	0.12013287454608663	0.8798671254539134
1070	1.0	0.0	1.0	-1.0	-1	0.12013287454608663	0.8798671254539134
1071	1.0	0.0	1.0	-1.0	-1	0.12013287454608663	0.8798671254539134
1072	1.0	0.0	0.0	-1.0	1	0.7108962087681167	0.28910379123188334
1073	1.0	0.0	1.0	-1.0	-1	0.12013287454608663	0.8798671254539134
1074	1.0	0.0	1.0	-1.0	-1	0.12013287454608663	0.8798671254539134
1075	1.0	0.0	1.0	-1.0	-1	0.12013287454608663	0.8798671254539134
1076	1.0	0.0	1.0	-1.0	-1	0.12013287454608663	0.8798671254539134
1077	0.0	0.0	1.0	-1.0	-1	0.3472917312532776	0.6527082687467225
1078	1.0	0.0	1.0	-1.0	-1	0.12013287454608663	0.8798671254539134
1079	1.0	0.0	1.0	-1.0	-1	0.12013287454608663	0.8798671254539134
1080	1.0	0.0	1.0	-1.0	-1	0.12013287454608663	0.8798671254539134
1081	1.0	0.0	1.0	-1.0	-1	0.12013287454608663	0.8798671254539134
1082	0.0	1.0	0.0	1.0	1	0.9190556233152603	0.08094437668473972
1083	1.0	1.0	0.0	-1.0	1	0.7444784345423325	0.2555215654576674
1084	1.0	0.0	0.0	-1.0	1	0.7108962087681167	0.28910379123188334
1085	1.0	1.0	0.0	1.0	1	0.7444784345423325	0.2555215654576674
1086	0.0	0.0	1.0	-1.0	-1	0.3472917312532776	0.6527082687467225
1087	1.0	0.0	1.0	-1.0	-1	0.12013287454608663	0.8798671254539134
1088	1.0	0.0	0.0	-1.0	1	0.7108962087681167	0.28910379123188334
1089	1.0	1.0	1.0	1.0	-1	0.1392496567809075	0.8607503432190925
1090	1.0	0.0	0.0	1.0	1	0.7108962087681167	0.28910379123188334
1091	1.0	0.0	1.0	-1.0	-1	0.12013287454608663	0.8798671254539134
1092	0.0	0.0	0.0	1.0	1	0.9055051849855459	0.09449481501445409
1093	0.0	0.0	1.0	-1.0	-1	0.3472917312532776	0.6527082687467225
1094	1.0	0.0	1.0	-1.0	-1	0.12013287454608663	0.8798671254539134
1095	1.0	0.0	1.0	-1.0	-1	0.12013287454608663	0.8798671254539134
1096	0.0	1.0	1.0	1.0	-1	0.38667066049048077	0.6133293395095192
1097	1.0	0.0	1.0	-1.0	-1	0.12013287454608663	0.8798671254539134
1098	1.0	0.0	1.0	-1.0	-1	0.12013287454608663	0.8798671254539134
1099	1.0	0.0	1.0	-1.0	-1	0.12013287454608663	0.8798671254539134
1100	0.0	0.0	0.0	1.0	1	0.9055051849855459	0.09449481501445409
1101	1.0	0.0	1.0	1.0	-1	0.12013287454608663	0.8798671254539134
1102	1.0	0.0	1.0	-1.0	-1	0.12013287454608663	0.8798671254539134
1103	0.0	0.0	0.0	1.0	1	0.9055051849855459	0.09449481501445409
1104	1.0	1.0	0.0	-1.0	1	0.7444784345423325	0.2555215654576674
1105	1.0	0.0	1.0	-1.0	-1	0.12013287454608663	0.8798671254539134
1106	0.0	0.0	1.0	-1.0	-1	0.3472917312532776	0.6527082687467225
1107	1.0	0.0	1.0	-1.0	-1	0.12013287454608663	0.8798671254539134
1108	1.0	0.0	1.0	-1.0	-1	0.12013287454608663	0.8798671254539134
1109	1.0	0.0	1.0	1.0	-1	0.12013287454608663	0.8798671254539134
1110	1.0	0.0	1.0	-1.0	-1	0.12013287454608663	0.8798671254539134
1111	1.0	0.0	1.0	1.0	-1	0.12013287454608663	0.8798671254539134
1112	1.0	0.0	1.0	-1.0	-1	0.12013287454608663	0.8798671254539134
1113	1.0	0.0	1.0	1.0	-1	0.12013287454608663	0.8798671254539134
1114	1.0	0.0	1.0	-1.0	-1	0.12013287454608663	0.8798671254539134
1115	1.0	0.0	0.0	-1.0	1	0.7108962087681167	0.28910379123188334
1116	1.0	0.0	0.0	1.0	1	0.7108962087681167	0.28910379123188334
1117	1.0	0.0	1.0	-1.0	-1	0.12013287454608663	0.8798671254539134
1118	1.0	0.0	0.0	1.0	1	0.7108962087681167	0.28910379123188334
1119	1.0	0.0	1.0	-1.0	-1	0.12013287454608663	0.8798671254539134
1120	1.0	0.0	1.0	-1.0	-1	0.12013287454608663	0.8798671254539134
1121	1.0	0.0	1.0	-1.0	-1	0.12013287454608663	0.8798671254539134
1122	0.0	0.0	1.0	-1.0	-1	0.3472917312532776	0.6527082687467225
1123	1.0	0.0	1.0	-1.0	-1	0.12013287454608663	0.8798671254539134
1124	1.0	0.0	1.0	-1.0	-1	0.12013287454608663	0.8798671254539134
1125	1.0	0.0	1.0	-1.0	-1	0.12013287454608663	0.8798671254539134
1126	1.0	0.0	1.0	-1.0	-1	0.12013287454608663	0.8798671254539134
1127	1.0	1.0	0.0	-1.0	1	0.7444784345423325	0.2555215654576674
1128	1.0	0.0	1.0	1.0	-1	0.12013287454608663	0.8798671254539134
1129	0.0	0.0	1.0	-1.0	-1	0.3472917312532776	0.6527082687467225
1130	1.0	0.0	1.0	-1.0	-1	0.12013287454608663	0.8798671254539134
1131	1.0	0.0	1.0	-1.0	-1	0.12013287454608663	0.8798671254539134
1132	1.0	0.0	1.0	-1.0	-1	0.12013287454608663	0.8798671254539134
1133	1.0	1.0	0.0	1.0	1	0.7444784345423325	0.2555215654576674
1134	0.0	0.0	0.0	1.0	1	0.9055051849855459	0.09449481501445409
1135	0.0	0.0	1.0	-1.0	-1	0.3472917312532776	0.6527082687467225
1136	0.0	1.0	0.0	1.0	1	0.9190556233152603	0.08094437668473972
1137	1.0	0.0	0.0	-1.0	1	0.7108962087681167	0.28910379123188334
1138	0.0	0.0	1.0	-1.0	-1	0.3472917312532776	0.6527082687467225
1139	0.0	0.0	0.0	1.0	1	0.9055051849855459	0.09449481501445409
1140	1.0	0.0	1.0	-1.0	-1	0.12013287454608663	0.8798671254539134
1141	1.0	0.0	1.0	-1.0	-1	0.12013287454608663	0.8798671254539134
1142	1.0	0.0	1.0	-1.0	-1	0.12013287454608663	0.8798671254539134
1143	1.0	0.0	0.0	1.0	1	0.7108962087681167	0.28910379123188334
1144	1.0	0.0	0.0	-1.0	1	0.7108962087681167	0.28910379123188334
1145	1.0	0.0	1.0	-1.0	-1	0.12013287454608663	0.8798671254539134
1146	1.0	0.0	1.0	-1.0	-1	0.12013287454608663	0.8798671254539134
1147	0.0	0.0	1.0	-1.0	-1	0.3472917312532776	0.6527082687467225
1148	0.0	0.0	1.0	-1.0	-1	0.3472917312532776	0.6527082687467225
1149	1.0	0.0	1.0	-1.0	-1	0.12013287454608663	0.8798671254539134
1150	1.0	0.0	1.0	1.0	-1	0.12013287454608663	0.8798671254539134
1151	1.0	0.0	1.0	-1.0	-1	0.12013287454608663	0.8798671254539134
1152	1.0	1.0	1.0	-1.0	-1	0.1392496567809075	0.8607503432190925
1153	1.0	0.0	1.0	-1.0	-1	0.12013287454608663	0.8798671254539134
1154	1.0	0.0	1.0	-1.0	-1	0.12013287454608663	0.8798671254539134
1155	1.0	1.0	1.0	1.0	-1	0.1392496567809075	0.8607503432190925
1156	1.0	0.0	1.0	-1.0	-1	0.12013287454608663	0.8798671254539134
1157	1.0	0.0	1.0	-1.0	-1	0.12013287454608663	0.8798671254539134
1158	1.0	0.0	0.0	1.0	1	0.7108962087681167	0.28910379123188334
1159	1.0	0.0	1.0	-1.0	-1	0.12013287454608663	0.8798671254539134
1160	1.0	0.0	1.0	-1.0	-1	0.12013287454608663	0.8798671254539134
1161	0.0	0.0	1.0	-1.0	-1	0.3472917312532776	0.6527082687467225
1162	1.0	0.0	1.0	-1.0	-1	0.12013287454608663	0.8798671254539134
1163	1.0	0.0	1.0	-1.0	-1	0.12013287454608663	0.8798671254539134
1164	0.0	0.0	1.0	-1.0	-1	0.3472917312532776	0.6527082687467225
1165	0.0	0.0	0.0	1.0	1	0.9055051849855459	0.09449481501445409
1166	1.0	0.0	1.0	-1.0	-1	0.12013287454608663	0.8798671254539134
1167	1.0	0.0	1.0	-1.0	-1	0.12013287454608663	0.8798671254539134
1168	1.0	0.0	1.0	-1.0	-1	0.12013287454608663	0.8798671254539134
1169	1.0	0.0	1.0	1.0	-1	0.12013287454608663	0.8798671254539134
1170	0.0	0.0	0.0	1.0	1	0.9055051849855459	0.09449481501445409
1171	1.0	0.0	1.0	-1.0	-1	0.12013287454608663	0.8798671254539134
1172	1.0	0.0	0.0	1.0	1	0.7108962087681167	0.28910379123188334
1173	1.0	0.0	1.0	-1.0	-1	0.12013287454608663	0.8798671254539134
1174	0.0	0.0	0.0	1.0	1	0.9055051849855459	0.09449481501445409
1175	0.0	0.0	1.0	1.0	-1	0.3472917312532776	0.6527082687467225
1176	0.0	0.0	0.0	1.0	1	0.9055051849855459	0.09449481501445409
1177	1.0	0.0	1.0	-1.0	-1	0.12013287454608663	0.8798671254539134
1178	1.0	0.0	1.0	-1.0	-1	0.12013287454608663	0.8798671254539134
1179	0.0	0.0	0.0	1.0	1	0.9055051849855459	0.09449481501445409
1180	0.0	0.0	1.0	-1.0	-1	0.3472917312532776	0.6527082687467225
1181	1.0	0.0	1.0	1.0	-1	0.12013287454608663	0.8798671254539134
1182	1.0	0.0	1.0	1.0	-1	0.12013287454608663	0.8798671254539134
1183	0.0	0.0	0.0	1.0	1	0.9055051849855459	0.09449481501445409
1184	1.0	0.0	1.0	-1.0	-1	0.12013287454608663	0.8798671254539134
1185	0.0	0.0	1.0	-1.0	-1	0.3472917312532776	0.6527082687467225
1186	1.0	0.0	1.0	-1.0	-1	0.12013287454608663	0.8798671254539134
1187	1.0	0.0	1.0	1.0	-1	0.12013287454608663	0.8798671254539134
1188	1.0	0.0	1.0	-1.0	-1	0.12013287454608663	0.8798671254539134
1189	0.0	0.0	0.0	1.0	1	0.9055051849855459	0.09449481501445409
1190	1.0	1.0	0.0	1.0	1	0.7444784345423325	0.2555215654576674
1191	0.0	0.0	1.0	-1.0	-1	0.3472917312532776	0.6527082687467225
1192	0.0	0.0	1.0	1.0	-1	0.3472917312532776	0.6527082687467225
1193	1.0	0.0	1.0	-1.0	-1	0.12013287454608663	0.8798671254539134
1194	1.0	0.0	1.0	-1.0	-1	0.12013287454608663	0.8798671254539134
1195	1.0	0.0	1.0	1.0	-1	0.12013287454608663	0.8798671254539134
1196	0.0	0.0	1.0	-1.0	-1	0.3472917312532776	0.6527082687467225
1197	0.0	1.0	0.0	1.0	1	0.9190556233152603	0.08094437668473972
1198	1.0	0.0	1.0	1.0	-1	0.12013287454608663	0.8798671254539134
1199	1.0	0.0	1.0	-1.0	-1	0.12013287454608663	0.8798671254539134
1200	1.0	0.0	1.0	-1.0	-1	0.12013287454608663	0.8798671254539134
1201	0.0	0.0	1.0	-1.0	-1	0.3472917312532776	0.6527082687467225
1202	0.0	0.0	0.0	1.0	1	0.9055051849855459	0.09449481501445409
1203	0.0	0.0	1.0	1.0	-1	0.3472917312532776	0.6527082687467225
1204	1.0	0.0	1.0	-1.0	-1	0.12013287454608663	0.8798671254539134
1205	1.0	0.0	1.0	1.0	-1	0.12013287454608663	0.8798671254539134
1206	0.0	0.0	1.0	-1.0	-1	0.3472917312532776	0.6527082687467225
1207	1.0	0.0	0.0	-1.0	1	0.7108962087681167	0.28910379123188334
1208	0.0	0.0	0.0	1.0	1	0.9055051849855459	0.09449481501445409
1209	0.0	0.0	0.0	1.0	1	0.9055051849855459	0.09449481501445409
1210	1.0	0.0	1.0	-1.0	-1	0.12013287454608663	0.8798671254539134
1211	0.0	0.0	1.0	1.0	-1	0.3472917312532776	0.6527082687467225
1212	0.0	0.0	1.0	-1.0	-1	0.3472917312532776	0.6527082687467225
1213	1.0	0.0	1.0	1.0	-1	0.12013287454608663	0.8798671254539134
1214	1.0	0.0	1.0	-1.0	-1	0.12013287454608663	0.8798671254539134
1215	0.0	0.0	1.0	-1.0	-1	0.3472917312532776	0.6527082687467225
1216	1.0	0.0	1.0	-1.0	-1	0.12013287454608663	0.8798671254539134
1217	1.0	0.0	1.0	-1.0	-1	0.12013287454608663	0.8798671254539134
1218	1.0	0.0	0.0	-1.0	1	0.7108962087681167	0.28910379123188334
1219	1.0	0.0	0.0	-1.0	1	0.7108962087681167	0.28910379123188334
1220	1.0	0.0	1.0	-1.0	-1	0.12013287454608663	0.8798671254539134
1221	0.0	0.0	1.0	-1.0	-1	0.3472917312532776	0.6527082687467225
1222	0.0	0.0	0.0	1.0	1	0.9055051849855459	0.09449481501445409
1223	0.0	0.0	0.0	1.0	1	0.9055051849855459	0.09449481501445409
1224	1.0	0.0	0.0	1.0	1	0.7108962087681167	0.28910379123188334
1225	1.0	0.0	1.0	-1.0	-1	0.12013287454608663	0.8798671254539134
1226	1.0	0.0	0.0	1.0	1	0.7108962087681167	0.28910379123188334
1227	1.0	0.0	1.0	1.0	-1	0.12013287454608663	0.8798671254539134
1228	1.0	0.0	1.0	-1.0	-1	0.12013287454608663	0.8798671254539134
1229	1.0	0.0	1.0	-1.0	-1	0.12013287454608663	0.8798671254539134
1230	1.0	1.0	0.0	1.0	1	0.7444784345423325	0.2555215654576674
1231	0.0	0.0	1.0	-1.0	-1	0.3472917312532776	0.6527082687467225
1232	1.0	0.0	1.0	-1.0	-1	0.12013287454608663	0.8798671254539134
1233	1.0	0.0	1.0	-1.0	-1	0.12013287454608663	0.8798671254539134
1234	1.0	0.0	1.0	-1.0	-1	0.12013287454608663	0.8798671254539134
1235	1.0	0.0	0.0	1.0	1	0.7108962087681167	0.28910379123188334
1236	0.0	0.0	1.0	-1.0	-1	0.3472917312532776	0.6527082687467225
1237	1.0	0.0	1.0	-1.0	-1	0.12013287454608663	0.8798671254539134
1238	1.0	0.0	1.0	-1.0	-1	0.12013287454608663	0.8798671254539134
1239	1.0	0.0	1.0	-1.0	-1	0.12013287454608663	0.8798671254539134
1240	0.0	0.0	0.0	-1.0	1	0.9055051849855459	0.09449481501445409
1241	1.0	0.0	1.0	-1.0	-1	0.12013287454608663	0.8798671254539134
1242	1.0	0.0	1.0	-1.0	-1	0.12013287454608663	0.8798671254539134
1243	1.0	0.0	1.0	-1.0	-1	0.12013287454608663	0.8798671254539134
1244	1.0	0.0	1.0	-1.0	-1	0.12013287454608663	0.8798671254539134
1245	1.0	0.0	1.0	-1.0	-1	0.12013287454608663	0.8798671254539134
1246	0.0	0.0	1.0	-1.0	-1	0.3472917312532776	0.6527082687467225
1247	1.0	0.0	1.0	1.0	-1	0.12013287454608663	0.8798671254539134
1248	1.0	1.0	1.0	-1.0	-1	0.1392496567809075	0.8607503432190925
1249	1.0	1.0	0.0	1.0	1	0.7444784345423325	0.2555215654576674
1250	1.0	0.0	1.0	1.0	-1	0.12013287454608663	0.8798671254539134
1251	1.0	0.0	0.0	-1.0	1	0.7108962087681167	0.28910379123188334
1252	1.0	0.0	1.0	-1.0	-1	0.12013287454608663	0.8798671254539134
1253	1.0	0.0	1.0	-1.0	-1	0.12013287454608663	0.8798671254539134
1254	0.0	0.0	0.0	1.0	1	0.9055051849855459	0.09449481501445409
1255	0.0	0.0	1.0	-1.0	-1	0.3472917312532776	0.6527082687467225
1256	1.0	0.0	1.0	-1.0	-1	0.12013287454608663	0.8798671254539134
1257	1.0	0.0	1.0	1.0	-1	0.12013287454608663	0.8798671254539134
1258	0.0	0.0	1.0	-1.0	-1	0.3472917312532776	0.6527082687467225
1259	1.0	0.0	1.0	1.0	-1	0.12013287454608663	0.8798671254539134
1260	0.0	0.0	0.0	1.0	1	0.9055051849855459	0.09449481501445409
1261	1.0	0.0	1.0	-1.0	-1	0.12013287454608663	0.8798671254539134
1262	0.0	0.0	0.0	-1.0	1	0.9055051849855459	0.09449481501445409
1263	1.0	1.0	0.0	1.0	1	0.7444784345423325	0.2555215654576674
1264	0.0	0.0	1.0	1.0	-1	0.3472917312532776	0.6527082687467225
1265	1.0	0.0	1.0	-1.0	-1	0.12013287454608663	0.8798671254539134
1266	0.0	0.0	0.0	1.0	1	0.9055051849855459	0.09449481501445409
1267	0.0	0.0	0.0	1.0	1	0.9055051849855459	0.09449481501445409
1268	1.0	0.0	1.0	-1.0	-1	0.12013287454608663	0.8798671254539134
1269	1.0	1.0	1.0	-1.0	-1	0.1392496567809075	0.8607503432190925
1270	0.0	0.0	1.0	-1.0	-1	0.3472917312532776	0.6527082687467225
1271	1.0	0.0	1.0	1.0	-1	0.12013287454608663	0.8798671254539134
1272	1.0	0.0	1.0	-1.0	-1	0.12013287454608663	0.8798671254539134
1273	1.0	0.0	1.0	-1.0	-1	0.12013287454608663	0.8798671254539134
1274	1.0	0.0	1.0	-1.0	-1	0.12013287454608663	0.8798671254539134
1275	0.0	0.0	1.0	-1.0	-1	0.3472917312532776	0.6527082687467225
1276	1.0	0.0	1.0	1.0	-1	0.12013287454608663	0.8798671254539134
1277	1.0	0.0	1.0	-1.0	-1	0.12013287454608663	0.8798671254539134
1278	1.0	0.0	1.0	-1.0	-1	0.12013287454608663	0.8798671254539134
1279	1.0	0.0	1.0	-1.0	-1	0.12013287454608663	0.8798671254539134
1280	1.0	0.0	1.0	-1.0	-1	0.12013287454608663	0.8798671254539134
1281	0.0	0.0	0.0	1.0	1	0.9055051849855459	0.09449481501445409
1282	0.0	0.0	0.0	-1.0	1	0.9055051849855459	0.09449481501445409
1283	1.0	0.0	1.0	-1.0	-1	0.12013287454608663	0.8798671254539134
1284	0.0	0.0	0.0	1.0	1	0.9055051849855459	0.09449481501445409
1285	1.0	0.0	1.0	-1.0	-1	0.12013287454608663	0.8798671254539134
1286	1.0	0.0	1.0	-1.0	-1	0.12013287454608663	0.8798671254539134
1287	1.0	0.0	1.0	1.0	-1	0.12013287454608663	0.8798671254539134
1288	1.0	0.0	1.0	-1.0	-1	0.12013287454608663	0.8798671254539134
1289	1.0	0.0	1.0	-1.0	-1	0.12013287454608663	0.8798671254539134
1290	0.0	0.0	0.0	1.0	1	0.9055051849855459	0.09449481501445409
1291	1.0	0.0	0.0	1.0	1	0.7108962087681167	0.28910379123188334
1292	1.0	1.0	1.0	-1.0	-1	0.1392496567809075	0.8607503432190925
1293	1.0	0.0	1.0	-1.0	-1	0.12013287454608663	0.8798671254539134
1294	1.0	0.0	0.0	-1.0	1	0.7108962087681167	0.28910379123188334
1295	1.0	1.0	1.0	1.0	-1	0.1392496567809075	0.8607503432190925
1296	1.0	0.0	1.0	1.0	-1	0.12013287454608663	0.8798671254539134
1297	1.0	0.0	1.0	-1.0	-1	0.12013287454608663	0.8798671254539134
1298	1.0	0.0	1.0	-1.0	-1	0.12013287454608663	0.8798671254539134
1299	1.0	0.0	1.0	1.0	-1	0.12013287454608663	0.8798671254539134
1300	1.0	0.0	1.0	-1.0	-1	0.12013287454608663	0.8798671254539134
1301	0.0	0.0	1.0	-1.0	-1	0.3472917312532776	0.6527082687467225
1302	0.0	0.0	1.0	1.0	-1	0.3472917312532776	0.6527082687467225
1303	1.0	0.0	1.0	-1.0	-1	0.12013287454608663	0.8798671254539134
1304	1.0	0.0	1.0	-1.0	-1	0.12013287454608663	0.8798671254539134
1305	1.0	1.0	1.0	-1.0	-1	0.1392496567809075	0.8607503432190925
1306	0.0	0.0	0.0	1.0	1	0.9055051849855459	0.09449481501445409
1307	1.0	0.0	1.0	-1.0	-1	0.12013287454608663	0.8798671254539134
1308	1.0	0.0	1.0	-1.0	-1	0.12013287454608663	0.8798671254539134
1309	0.0	0.0	0.0	1.0	1	0.9055051849855459	0.09449481501445409
1310	1.0	0.0	1.0	-1.0	-1	0.12013287454608663	0.8798671254539134
1311	1.0	0.0	1.0	-1.0	-1	0.12013287454608663	0.8798671254539134
1312	1.0	0.0	1.0	-1.0	-1	0.12013287454608663	0.8798671254539134
1313	1.0	0.0	1.0	1.0	-1	0.12013287454608663	0.8798671254539134
1314	0.0	0.0	1.0	-1.0	-1	0.3472917312532776	0.6527082687467225
1315	1.0	0.0	1.0	-1.0	-1	0.12013287454608663	0.8798671254539134
1316	1.0	1.0	1.0	-1.0	-1	0.1392496567809075	0.8607503432190925
1317	0.0	0.0	1.0	-1.0	-1	0.3472917312532776	0.6527082687467225
1318	1.0	0.0	0.0	-1.0	1	0.7108962087681167	0.28910379123188334
1319	1.0	0.0	1.0	1.0	-1	0.12013287454608663	0.8798671254539134
1320	1.0	0.0	1.0	-1.0	-1	0.12013287454608663	0.8798671254539134
1321	1.0	0.0	1.0	-1.0	-1	0.12013287454608663	0.8798671254539134
1322	1.0	0.0	1.0	-1.0	-1	0.12013287454608663	0.8798671254539134
1323	1.0	0.0	1.0	-1.0	-1	0.12013287454608663	0.8798671254539134
1324	1.0	0.0	1.0	1.0	-1	0.12013287454608663	0.8798671254539134
1325	1.0	0.0	1.0	-1.0	-1	0.12013287454608663	0.8798671254539134
1326	0.0	0.0	1.0	-1.0	-1	0.3472917312532776	0.6527082687467225
1327	0.0	0.0	0.0	1.0	1	0.9055051849855459	0.09449481501445409
1328	0.0	0.0	1.0	-1.0	-1	0.3472917312532776	0.6527082687467225
1329	1.0	0.0	1.0	-1.0	-1	0.12013287454608663	0.8798671254539134
1330	1.0	0.0	1.0	-1.0	-1	0.12013287454608663	0.8798671254539134
1331	1.0	0.0	1.0	-1.0	-1	0.12013287454608663	0.8798671254539134
1332	1.0	0.0	1.0	-1.0	-1	0.12013287454608663	0.8798671254539134
1333	1.0	0.0	1.0	-1.0	-1	0.12013287454608663	0.8798671254539134
1334	0.0	0.0	0.0	1.0	1	0.9055051849855459	0.09449481501445409
1335	1.0	0.0	1.0	-1.0	-1	0.12013287454608663	0.8798671254539134
1336	1.0	0.0	1.0	-1.0	-1	0.12013287454608663	0.8798671254539134
1337	1.0	0.0	1.0	1.0	-1	0.12013287454608663	0.8798671254539134
1338	1.0	0.0	1.0	-1.0	-1	0.12013287454608663	0.8798671254539134
1339	1.0	0.0	0.0	-1.0	1	0.7108962087681167	0.28910379123188334
1340	0.0	0.0	0.0	1.0	1	0.9055051849855459	0.09449481501445409
1341	1.0	0.0	0.0	-1.0	1	0.7108962087681167	0.28910379123188334
1342	1.0	0.0	1.0	-1.0	-1	0.12013287454608663	0.8798671254539134
1343	0.0	0.0	0.0	1.0	1	0.9055051849855459	0.09449481501445409
1344	0.0	0.0	1.0	-1.0	-1	0.3472917312532776	0.6527082687467225
1345	0.0	0.0	0.0	1.0	1	0.9055051849855459	0.09449481501445409
1346	1.0	0.0	1.0	-1.0	-1	0.12013287454608663	0.8798671254539134
1347	1.0	0.0	1.0	-1.0	-1	0.12013287454608663	0.8798671254539134
1348	1.0	0.0	0.0	-1.0	1	0.7108962087681167	0.28910379123188334
1349	1.0	0.0	1.0	-1.0	-1	0.12013287454608663	0.8798671254539134
1350	0.0	0.0	1.0	-1.0	-1	0.3472917312532776	0.6527082687467225
1351	1.0	0.0	1.0	1.0	-1	0.12013287454608663	0.8798671254539134
1352	1.0	0.0	1.0	-1.0	-1	0.12013287454608663	0.8798671254539134
1353	1.0	0.0	1.0	-1.0	-1	0.12013287454608663	0.8798671254539134
1354	1.0	0.0	1.0	-1.0	-1	0.12013287454608663	0.8798671254539134
1355	1.0	0.0	1.0	-1.0	-1	0.12013287454608663	0.8798671254539134
1356	1.0	0.0	1.0	1.0	-1	0.12013287454608663	0.8798671254539134
1357	1.0	0.0	1.0	-1.0	-1	0.12013287454608663	0.8798671254539134
1358	1.0	1.0	0.0	-1.0	1	0.7444784345423325	0.2555215654576674
1359	0.0	0.0	0.0	1.0	1	0.9055051849855459	0.09449481501445409
1360	1.0	0.0	1.0	-1.0	-1	0.12013287454608663	0.8798671254539134
1361	1.0	0.0	1.0	-1.0	-1	0.12013287454608663	0.8798671254539134
1362	1.0	0.0	1.0	1.0	-1	0.12013287454608663	0.8798671254539134
1363	1.0	0.0	1.0	-1.0	-1	0.12013287454608663	0.8798671254539134
1364	1.0	0.0	1.0	1.0	-1	0.12013287454608663	0.8798671254539134
1365	1.0	0.0	1.0	-1.0	-1	0.12013287454608663	0.8798671254539134
1366	1.0	0.0	1.0	-1.0	-1	0.12013287454608663	0.8798671254539134
1367	1.0	0.0	1.0	-1.0	-1	0.12013287454608663	0.8798671254539134
1368	1.0	0.0	1.0	-1.0	-1	0.12013287454608663	0.8798671254539134
1369	1.0	1.0	0.0	1.0	1	0.7444784345423325	0.2555215654576674
1370	1.0	0.0	1.0	-1.0	-1	0.12013287454608663	0.8798671254539134
1371	0.0	0.0	1.0	-1.0	-1	0.3472917312532776	0.6527082687467225
1372	1.0	0.0	1.0	-1.0	-1	0.12013287454608663	0.8798671254539134
1373	1.0	1.0	1.0	-1.0	-1	0.1392496567809075	0.8607503432190925
1374	1.0	0.0	1.0	-1.0	-1	0.12013287454608663	0.8798671254539134
1375	1.0	0.0	0.0	-1.0	1	0.7108962087681167	0.28910379123188334
1376	0.0	0.0	1.0	1.0	-1	0.3472917312532776	0.6527082687467225
1377	1.0	0.0	1.0	-1.0	-1	0.12013287454608663	0.8798671254539134
1378	1.0	0.0	1.0	-1.0	-1	0.12013287454608663	0.8798671254539134
1379	1.0	0.0	1.0	-1.0	-1	0.12013287454608663	0.8798671254539134
1380	1.0	0.0	1.0	1.0	-1	0.12013287454608663	0.8798671254539134
1381	1.0	0.0	1.0	1.0	-1	0.12013287454608663	0.8798671254539134
1382	1.0	0.0	1.0	-1.0	-1	0.12013287454608663	0.8798671254539134
1383	1.0	0.0	1.0	-1.0	-1	0.12013287454608663	0.8798671254539134
1384	1.0	0.0	1.0	-1.0	-1	0.12013287454608663	0.8798671254539134
1385	0.0	0.0	1.0	-1.0	-1	0.3472917312532776	0.6527082687467225
1386	1.0	0.0	1.0	-1.0	-1	0.12013287454608663	0.8798671254539134
1387	1.0	0.0	1.0	-1.0	-1	0.12013287454608663	0.8798671254539134
1388	0.0	0.0	1.0	-1.0	-1	0.3472917312532776	0.6527082687467225
1389	1.0	0.0	1.0	-1.0	-1	0.12013287454608663	0.8798671254539134
1390	1.0	0.0	1.0	-1.0	-1	0.12013287454608663	0.8798671254539134
1391	1.0	0.0	1.0	-1.0	-1	0.12013287454608663	0.8798671254539134
1392	0.0	0.0	1.0	1.0	-1	0.3472917312532776	0.6527082687467225
1393	1.0	0.0	1.0	-1.0	-1	0.12013287454608663	0.8798671254539134
1394	0.0	0.0	0.0	1.0	1	0.9055051849855459	0.09449481501445409
1395	1.0	0.0	1.0	-1.0	-1	0.12013287454608663	0.8798671254539134
1396	1.0	0.0	1.0	-1.0	-1	0.12013287454608663	0.8798671254539134
1397	0.0	0.0	0.0	-1.0	1	0.9055051849855459	0.09449481501445409
1398	1.0	0.0	1.0	-1.0	-1	0.12013287454608663	0.8798671254539134
1399	1.0	0.0	1.0	-1.0	-1	0.12013287454608663	0.8798671254539134
1400	1.0	0.0	1.0	-1.0	-1	0.12013287454608663	0.8798671254539134
1401	1.0	0.0	1.0	-1.0	-1	0.12013287454608663	0.8798671254539134
1402	1.0	1.0	1.0	1.0	-1	0.1392496567809075	0.8607503432190925
1403	0.0	0.0	1.0	-1.0	-1	0.3472917312532776	0.6527082687467225
1404	0.0	0.0	1.0	-1.0	-1	0.3472917312532776	0.6527082687467225
1405	1.0	0.0	1.0	-1.0	-1	0.12013287454608663	0.8798671254539134
1406	1.0	0.0	1.0	-1.0	-1	0.12013287454608663	0.8798671254539134
1407	1.0	0.0	1.0	-1.0	-1	0.12013287454608663	0.8798671254539134
1408	1.0	0.0	1.0	-1.0	-1	0.12013287454608663	0.8798671254539134
1409	1.0	0.0	1.0	-1.0	-1	0.12013287454608663	0.8798671254539134
1410	1.0	1.0	0.0	-1.0	1	0.7444784345423325	0.2555215654576674
1411	1.0	0.0	1.0	-1.0	-1	0.12013287454608663	0.8798671254539134
1412	1.0	0.0	1.0	1.0	-1	0.12013287454608663	0.8798671254539134
1413	1.0	0.0	1.0	-1.0	-1	0.12013287454608663	0.8798671254539134
1414	0.0	0.0	1.0	-1.0	-1	0.3472917312532776	0.6527082687467225
1415	1.0	0.0	0.0	1.0	1	0.7108962087681167	0.28910379123188334
1416	1.0	0.0	1.0	1.0	-1	0.12013287454608663	0.8798671254539134
1417	0.0	0.0	0.0	1.0	1	0.9055051849855459	0.09449481501445409
1418	1.0	0.0	0.0	1.0	1	0.7108962087681167	0.28910379123188334
1419	1.0	0.0	1.0	-1.0	-1	0.12013287454608663	0.8798671254539134
1420	1.0	0.0	1.0	-1.0	-1	0.12013287454608663	0.8798671254539134
1421	1.0	0.0	0.0	1.0	1	0.7108962087681167	0.28910379123188334
1422	1.0	0.0	1.0	1.0	-1	0.12013287454608663	0.8798671254539134
1423	1.0	0.0	1.0	-1.0	-1	0.12013287454608663	0.8798671254539134
1424	1.0	0.0	1.0	-1.0	-1	0.12013287454608663	0.8798671254539134
1425	1.0	0.0	1.0	1.0	-1	0.12013287454608663	0.8798671254539134
1426	1.0	0.0	1.0	-1.0	-1	0.12013287454608663	0.8798671254539134
1427	1.0	0.0	1.0	-1.0	-1	0.12013287454608663	0.8798671254539134
1428	1.0	0.0	1.0	-1.0	-1	0.12013287454608663	0.8798671254539134
1429	1.0	0.0	1.0	-1.0	-1	0.12013287454608663	0.8798671254539134
1430	1.0	0.0	0.0	-1.0	1	0.7108962087681167	0.28910379123188334
1431	1.0	0.0	1.0	-1.0	-1	0.12013287454608663	0.8798671254539134
1432	1.0	0.0	1.0	-1.0	-1	0.12013287454608663	0.8798671254539134
1433	0.0	0.0	0.0	1.0	1	0.9055051849855459	0.09449481501445409
1434	1.0	0.0	1.0	-1.0	-1	0.12013287454608663	0.8798671254539134
1435	1.0	0.0	1.0	-1.0	-1	0.12013287454608663	0.8798671254539134
1436	0.0	0.0	1.0	-1.0	-1	0.3472917312532776	0.6527082687467225
1437	0.0	0.0	0.0	1.0	1	0.9055051849855459	0.09449481501445409
1438	1.0	0.0	1.0	-1.0	-1	0.12013287454608663	0.8798671254539134
1439	1.0	0.0	1.0	-1.0	-1	0.12013287454608663	0.8798671254539134
1440	1.0	0.0	1.0	1.0	-1	0.12013287454608663	0.8798671254539134
1441	1.0	0.0	1.0	-1.0	-1	0.12013287454608663	0.8798671254539134
1442	1.0	0.0	1.0	-1.0	-1	0.12013287454608663	0.8798671254539134
1443	0.0	0.0	1.0	-1.0	-1	0.3472917312532776	0.6527082687467225
1444	1.0	0.0	1.0	-1.0	-1	0.12013287454608663	0.8798671254539134
1445	1.0	0.0	1.0	1.0	-1	0.12013287454608663	0.8798671254539134
1446	0.0	0.0	0.0	1.0	1	0.9055051849855459	0.09449481501445409
1447	1.0	0.0	1.0	-1.0	-1	0.12013287454608663	0.8798671254539134
1448	0.0	0.0	1.0	-1.0	-1	0.3472917312532776	0.6527082687467225
1449	1.0	0.0	1.0	1.0	-1	0.12013287454608663	0.8798671254539134
1450	1.0	0.0	1.0	-1.0	-1	0.12013287454608663	0.8798671254539134
1451	1.0	0.0	1.0	1.0	-1	0.12013287454608663	0.8798671254539134
1452	1.0	0.0	1.0	1.0	-1	0.12013287454608663	0.8798671254539134
1453	0.0	0.0	0.0	1.0	1	0.9055051849855459	0.09449481501445409
1454	1.0	0.0	1.0	-1.0	-1	0.12013287454608663	0.8798671254539134
1455	0.0	0.0	1.0	-1.0	-1	0.3472917312532776	0.6527082687467225
1456	0.0	0.0	1.0	1.0	-1	0.3472917312532776	0.6527082687467225
1457	1.0	0.0	1.0	-1.0	-1	0.12013287454608663	0.8798671254539134
1458	1.0	0.0	1.0	-1.0	-1	0.12013287454608663	0.8798671254539134
1459	1.0	0.0	1.0	-1.0	-1	0.12013287454608663	0.8798671254539134
1460	1.0	0.0	1.0	-1.0	-1	0.12013287454608663	0.8798671254539134
1461	1.0	0.0	1.0	-1.0	-1	0.12013287454608663	0.8798671254539134
1462	1.0	0.0	1.0	-1.0	-1	0.12013287454608663	0.8798671254539134
1463	1.0	0.0	1.0	-1.0	-1	0.12013287454608663	0.8798671254539134
1464	1.0	0.0	1.0	-1.0	-1	0.12013287454608663	0.8798671254539134
1465	1.0	0.0	1.0	-1.0	-1	0.12013287454608663	0.8798671254539134
1466	1.0	0.0	1.0	-1.0	-1	0.12013287454608663	0.8798671254539134
1467	1.0	0.0	1.0	-1.0	-1	0.12013287454608663	0.8798671254539134
1468	1.0	0.0	1.0	-1.0	-1	0.12013287454608663	0.8798671254539134
1469	1.0	0.0	1.0	-1.0	-1	0.12013287454608663	0.8798671254539134
1470	1.0	0.0	1.0	-1.0	-1	0.12013287454608663	0.8798671254539134
1471	1.0	0.0	1.0	-1.0	-1	0.12013287454608663	0.8798671254539134
1472	1.0	0.0	0.0	-1.0	1	0.7108962087681167	0.28910379123188334
1473	1.0	0.0	1.0	-1.0	-1	0.12013287454608663	0.8798671254539134
1474	1.0	0.0	1.0	-1.0	-1	0.12013287454608663	0.8798671254539134
1475	1.0	0.0	1.0	-1.0	-1	0.12013287454608663	0.8798671254539134
1476	0.0	0.0	1.0	-1.0	-1	0.3472917312532776	0.6527082687467225
1477	1.0	0.0	1.0	-1.0	-1	0.12013287454608663	0.8798671254539134
1478	1.0	0.0	1.0	-1.0	-1	0.12013287454608663	0.8798671254539134
1479	1.0	0.0	1.0	-1.0	-1	0.12013287454608663	0.8798671254539134
1480	1.0	0.0	1.0	1.0	-1	0.12013287454608663	0.8798671254539134
1481	1.0	0.0	0.0	1.0	1	0.7108962087681167	0.28910379123188334
1482	0.0	0.0	0.0	1.0	1	0.9055051849855459	0.09449481501445409
1483	0.0	0.0	0.0	1.0	1	0.9055051849855459	0.09449481501445409
1484	1.0	0.0	1.0	-1.0	-1	0.12013287454608663	0.8798671254539134
1485	1.0	0.0	0.0	-1.0	1	0.7108962087681167	0.28910379123188334
1486	1.0	0.0	0.0	-1.0	1	0.7108962087681167	0.28910379123188334
1487	1.0	0.0	1.0	1.0	-1	0.12013287454608663	0.8798671254539134
1488	0.0	0.0	0.0	1.0	1	0.9055051849855459	0.09449481501445409
1489	0.0	0.0	1.0	1.0	-1	0.3472917312532776	0.6527082687467225
1490	1.0	1.0	1.0	-1.0	-1	0.1392496567809075	0.8607503432190925
1491	1.0	0.0	1.0	-1.0	-1	0.12013287454608663	0.8798671254539134
1492	1.0	0.0	1.0	-1.0	-1	0.12013287454608663	0.8798671254539134
1493	1.0	0.0	1.0	-1.0	-1	0.12013287454608663	0.8798671254539134
1494	1.0	0.0	1.0	-1.0	-1	0.12013287454608663	0.8798671254539134
1495	1.0	0.0	1.0	1.0	-1	0.12013287454608663	0.8798671254539134
1496	1.0	0.0	1.0	1.0	-1	0.12013287454608663	0.8798671254539134
1497	1.0	0.0	1.0	-1.0	-1	0.12013287454608663	0.8798671254539134
1498	0.0	0.0	0.0	1.0	1	0.9055051849855459	0.09449481501445409
1499	1.0	0.0	1.0	-1.0	-1	0.12013287454608663	0.8798671254539134
1500	0.0	1.0	0.0	1.0	1	0.9190556233152603	0.08094437668473972
1501	1.0	0.0	1.0	1.0	-1	0.12013287454608663	0.8798671254539134
1502	1.0	0.0	1.0	-1.0	-1	0.12013287454608663	0.8798671254539134
1503	1.0	0.0	1.0	-1.0	-1	0.12013287454608663	0.8798671254539134
1504	1.0	0.0	1.0	-1.0	-1	0.12013287454608663	0.8798671254539134
1505	1.0	0.0	1.0	1.0	-1	0.12013287454608663	0.8798671254539134
1506	1.0	0.0	1.0	-1.0	-1	0.12013287454608663	0.8798671254539134
1507	1.0	1.0	1.0	-1.0	-1	0.1392496567809075	0.8607503432190925
1508	1.0	0.0	1.0	-1.0	-1	0.12013287454608663	0.8798671254539134
1509	1.0	0.0	1.0	-1.0	-1	0.12013287454608663	0.8798671254539134
1510	0.0	0.0	0.0	1.0	1	0.9055051849855459	0.09449481501445409
1511	1.0	0.0	0.0	1.0	1	0.7108962087681167	0.28910379123188334
1512	0.0	0.0	0.0	1.0	1	0.9055051849855459	0.09449481501445409
1513	1.0	0.0	1.0	-1.0	-1	0.12013287454608663	0.8798671254539134
1514	0.0	0.0	0.0	1.0	1	0.9055051849855459	0.09449481501445409
1515	0.0	0.0	1.0	1.0	-1	0.3472917312532776	0.6527082687467225
1516	1.0	0.0	1.0	-1.0	-1	0.12013287454608663	0.8798671254539134
1517	0.0	0.0	0.0	1.0	1	0.9055051849855459	0.09449481501445409
1518	0.0	0.0	1.0	-1.0	-1	0.3472917312532776	0.6527082687467225
1519	1.0	0.0	1.0	-1.0	-1	0.12013287454608663	0.8798671254539134
1520	0.0	0.0	0.0	1.0	1	0.9055051849855459	0.09449481501445409
1521	1.0	0.0	1.0	-1.0	-1	0.12013287454608663	0.8798671254539134
1522	1.0	0.0	1.0	-1.0	-1	0.12013287454608663	0.8798671254539134
1523	1.0	0.0	1.0	1.0	-1	0.12013287454608663	0.8798671254539134
1524	1.0	1.0	1.0	-1.0	-1	0.1392496567809075	0.8607503432190925
1525	1.0	0.0	1.0	-1.0	-1	0.12013287454608663	0.8798671254539134
1526	1.0	0.0	1.0	-1.0	-1	0.12013287454608663	0.8798671254539134
1527	1.0	0.0	0.0	1.0	1	0.7108962087681167	0.28910379123188334
1528	1.0	0.0	1.0	-1.0	-1	0.12013287454608663	0.8798671254539134
1529	0.0	0.0	1.0	-1.0	-1	0.3472917312532776	0.6527082687467225
1530	0.0	0.0	1.0	-1.0	-1	0.3472917312532776	0.6527082687467225
1531	0.0	0.0	1.0	-1.0	-1	0.3472917312532776	0.6527082687467225
1532	0.0	0.0	0.0	1.0	1	0.9055051849855459	0.09449481501445409
1533	1.0	0.0	1.0	-1.0	-1	0.12013287454608663	0.8798671254539134
1534	1.0	0.0	1.0	-1.0	-1	0.12013287454608663	0.8798671254539134
1535	1.0	0.0	1.0	-1.0	-1	0.12013287454608663	0.8798671254539134
1536	1.0	0.0	1.0	-1.0	-1	0.12013287454608663	0.8798671254539134
1537	1.0	0.0	1.0	-1.0	-1	0.12013287454608663	0.8798671254539134
1538	1.0	0.0	1.0	-1.0	-1	0.12013287454608663	0.8798671254539134
1539	1.0	0.0	1.0	-1.0	-1	0.12013287454608663	0.8798671254539134
1540	1.0	0.0	1.0	-1.0	-1	0.12013287454608663	0.8798671254539134
